#depth	H	H+	H2
 3.72570e+11	3.32e-06	1.00e+00	1.34e-18
 2.23542e+12	3.32e-06	1.00e+00	1.34e-18
 9.68682e+12	3.33e-06	1.00e+00	1.35e-18
 3.94924e+13	3.35e-06	1.00e+00	1.37e-18
 9.43347e+13	3.39e-06	1.00e+00	1.40e-18
 1.65630e+14	3.43e-06	1.00e+00	1.43e-18
 2.58313e+14	3.50e-06	1.00e+00	1.48e-18
 3.78802e+14	3.59e-06	1.00e+00	1.55e-18
 5.35437e+14	3.70e-06	1.00e+00	1.64e-18
 7.39062e+14	3.85e-06	1.00e+00	1.76e-18
 1.00378e+15	4.04e-06	1.00e+00	1.91e-18
 1.34790e+15	4.30e-06	1.00e+00	2.12e-18
 1.77326e+15	4.63e-06	1.00e+00	2.40e-18
 2.24419e+15	5.01e-06	1.00e+00	2.72e-18
 2.73396e+15	5.42e-06	1.00e+00	3.08e-18
 3.24331e+15	5.87e-06	1.00e+00	3.49e-18
 3.77305e+15	6.35e-06	1.00e+00	3.96e-18
 4.32397e+15	6.87e-06	1.00e+00	4.48e-18
 4.89693e+15	7.43e-06	1.00e+00	5.06e-18
 5.49280e+15	8.03e-06	1.00e+00	5.71e-18
 6.08641e+15	8.66e-06	1.00e+00	6.41e-18
 6.69505e+15	9.33e-06	1.00e+00	7.18e-18
 7.35414e+15	1.01e-05	1.00e+00	8.08e-18
 8.04831e+15	1.09e-05	1.00e+00	9.11e-18
 8.77024e+15	1.18e-05	1.00e+00	1.03e-17
 9.52105e+15	1.27e-05	1.00e+00	1.16e-17
 1.03019e+16	1.38e-05	1.00e+00	1.31e-17
 1.11140e+16	1.49e-05	1.00e+00	1.47e-17
 1.19585e+16	1.61e-05	1.00e+00	1.66e-17
 1.28369e+16	1.74e-05	1.00e+00	1.88e-17
 1.37503e+16	1.89e-05	1.00e+00	2.12e-17
 1.47004e+16	2.04e-05	1.00e+00	2.40e-17
 1.56884e+16	2.20e-05	1.00e+00	2.72e-17
 1.67159e+16	2.38e-05	1.00e+00	3.08e-17
 1.77845e+16	2.58e-05	1.00e+00	3.49e-17
 1.88959e+16	2.79e-05	1.00e+00	3.95e-17
 2.00518e+16	3.01e-05	1.00e+00	4.49e-17
 2.12538e+16	3.26e-05	1.00e+00	5.09e-17
 2.25040e+16	3.52e-05	1.00e+00	5.79e-17
 2.38041e+16	3.80e-05	1.00e+00	6.58e-17
 2.51563e+16	4.11e-05	1.00e+00	7.51e-17
 2.65626e+16	4.45e-05	1.00e+00	8.58e-17
 2.80251e+16	4.81e-05	1.00e+00	9.80e-17
 2.95461e+16	5.20e-05	1.00e+00	1.12e-16
 3.11279e+16	5.62e-05	1.00e+00	1.29e-16
 3.27730e+16	6.07e-05	1.00e+00	1.48e-16
 3.44840e+16	6.56e-05	1.00e+00	1.70e-16
 3.62633e+16	7.10e-05	1.00e+00	1.96e-16
 3.81138e+16	7.67e-05	1.00e+00	2.25e-16
 4.00384e+16	8.29e-05	1.00e+00	2.60e-16
 4.20399e+16	8.96e-05	1.00e+00	3.00e-16
 4.41215e+16	9.69e-05	1.00e+00	3.48e-16
 4.62864e+16	1.05e-04	1.00e+00	4.03e-16
 4.85378e+16	1.13e-04	1.00e+00	4.68e-16
 5.08794e+16	1.22e-04	1.00e+00	5.44e-16
 5.33145e+16	1.32e-04	1.00e+00	6.34e-16
 5.58471e+16	1.43e-04	1.00e+00	7.39e-16
 5.84810e+16	1.55e-04	1.00e+00	8.64e-16
 6.12202e+16	1.68e-04	1.00e+00	1.01e-15
 6.40690e+16	1.82e-04	1.00e+00	1.18e-15
 6.70318e+16	1.97e-04	1.00e+00	1.39e-15
 7.01131e+16	2.13e-04	1.00e+00	1.63e-15
 7.33176e+16	2.31e-04	1.00e+00	1.92e-15
 7.66503e+16	2.51e-04	1.00e+00	2.27e-15
 8.01163e+16	2.72e-04	1.00e+00	2.68e-15
 8.37210e+16	2.96e-04	1.00e+00	3.18e-15
 8.74698e+16	3.21e-04	1.00e+00	3.78e-15
 9.13686e+16	3.50e-04	1.00e+00	4.50e-15
 9.53234e+16	3.81e-04	1.00e+00	5.34e-15
 9.94363e+16	4.15e-04	1.00e+00	6.37e-15
 1.03673e+17	4.53e-04	1.00e+00	7.60e-15
 1.07779e+17	4.92e-04	1.00e+00	8.99e-15
 1.12190e+17	5.39e-04	9.99e-01	1.08e-14
 1.16841e+17	5.92e-04	9.99e-01	1.30e-14
 1.21134e+17	6.45e-04	9.99e-01	1.54e-14
 1.25195e+17	7.00e-04	9.99e-01	1.81e-14
 1.28738e+17	7.52e-04	9.99e-01	2.07e-14
 1.31537e+17	7.96e-04	9.99e-01	2.31e-14
 1.34038e+17	8.39e-04	9.99e-01	2.56e-14
 1.36440e+17	8.84e-04	9.99e-01	2.82e-14
 1.38677e+17	9.27e-04	9.99e-01	3.08e-14
 1.40633e+17	9.67e-04	9.99e-01	3.34e-14
 1.42302e+17	1.00e-03	9.99e-01	3.57e-14
 1.43757e+17	1.04e-03	9.99e-01	3.79e-14
 1.45063e+17	1.07e-03	9.99e-01	3.99e-14
 1.46237e+17	1.10e-03	9.99e-01	4.20e-14
 1.47285e+17	1.12e-03	9.99e-01	4.38e-14
 1.48206e+17	1.14e-03	9.99e-01	4.55e-14
 1.49006e+17	1.17e-03	9.99e-01	4.70e-14
 1.49710e+17	1.18e-03	9.99e-01	4.83e-14
 1.50343e+17	1.20e-03	9.99e-01	4.96e-14
 1.50918e+17	1.21e-03	9.99e-01	5.07e-14
 1.51438e+17	1.22e-03	9.99e-01	5.17e-14
 1.51909e+17	1.23e-03	9.99e-01	5.26e-14
 1.52339e+17	1.24e-03	9.99e-01	5.33e-14
 1.52739e+17	1.25e-03	9.99e-01	5.40e-14
 1.53119e+17	1.26e-03	9.99e-01	5.47e-14
 1.53488e+17	1.26e-03	9.99e-01	5.54e-14
 1.53905e+17	1.27e-03	9.99e-01	5.62e-14
 1.54359e+17	1.27e-03	9.99e-01	5.70e-14
 1.54783e+17	1.28e-03	9.99e-01	5.78e-14
 1.55258e+17	1.28e-03	9.99e-01	5.88e-14
 1.55876e+17	1.30e-03	9.99e-01	6.03e-14
 1.56679e+17	1.32e-03	9.99e-01	6.23e-14
 1.57722e+17	1.35e-03	9.99e-01	6.50e-14
 1.59079e+17	1.40e-03	9.99e-01	6.89e-14
 1.60843e+17	1.46e-03	9.99e-01	7.44e-14
 1.63136e+17	1.56e-03	9.98e-01	8.22e-14
 1.66117e+17	1.69e-03	9.98e-01	9.37e-14
 1.69992e+17	1.89e-03	9.98e-01	1.12e-13
 1.75029e+17	2.21e-03	9.98e-01	1.41e-13
 1.80103e+17	2.63e-03	9.97e-01	1.79e-13
 1.83887e+17	3.04e-03	9.97e-01	2.17e-13
 1.86779e+17	3.43e-03	9.97e-01	2.55e-13
 1.89847e+17	3.95e-03	9.96e-01	3.06e-13
 1.93135e+17	4.66e-03	9.95e-01	3.76e-13
 1.95866e+17	5.45e-03	9.95e-01	4.53e-13
 1.98015e+17	6.25e-03	9.94e-01	5.33e-13
 1.99934e+17	7.17e-03	9.93e-01	6.25e-13
 2.02114e+17	8.50e-03	9.92e-01	7.62e-13
 2.04365e+17	1.04e-02	9.90e-01	9.56e-13
 2.05946e+17	1.23e-02	9.88e-01	1.15e-12
 2.06934e+17	1.39e-02	9.86e-01	1.30e-12
 2.07914e+17	1.57e-02	9.84e-01	1.50e-12
 2.09188e+17	1.89e-02	9.81e-01	1.82e-12
 2.10496e+17	2.34e-02	9.77e-01	2.29e-12
 2.11503e+17	2.86e-02	9.71e-01	2.83e-12
 2.12260e+17	3.39e-02	9.66e-01	3.39e-12
 2.12874e+17	3.96e-02	9.60e-01	4.01e-12
 2.13390e+17	4.59e-02	9.54e-01	4.69e-12
 2.13863e+17	5.32e-02	9.47e-01	5.50e-12
 2.14309e+17	6.23e-02	9.38e-01	6.54e-12
 2.14715e+17	7.30e-02	9.27e-01	7.82e-12
 2.15071e+17	8.52e-02	9.15e-01	9.31e-12
 2.15385e+17	9.91e-02	9.01e-01	1.11e-11
 2.15670e+17	1.15e-01	8.85e-01	1.33e-11
 2.15933e+17	1.34e-01	8.66e-01	1.60e-11
 2.16173e+17	1.56e-01	8.44e-01	1.93e-11
 2.16393e+17	1.81e-01	8.19e-01	2.35e-11
 2.16595e+17	2.10e-01	7.90e-01	2.88e-11
 2.16784e+17	2.44e-01	7.56e-01	3.55e-11
 2.16959e+17	2.81e-01	7.19e-01	4.41e-11
 2.17106e+17	3.18e-01	6.82e-01	5.38e-11
 2.17219e+17	3.50e-01	6.50e-01	6.33e-11
 2.17306e+17	3.77e-01	6.23e-01	7.23e-11
 2.17381e+17	4.02e-01	5.98e-01	8.16e-11
 2.17453e+17	4.27e-01	5.73e-01	9.17e-11
 2.17519e+17	4.51e-01	5.49e-01	1.03e-10
 2.17581e+17	4.74e-01	5.26e-01	1.14e-10
 2.17637e+17	4.96e-01	5.04e-01	1.27e-10
 2.17688e+17	5.16e-01	4.84e-01	1.38e-10
 2.17736e+17	5.36e-01	4.64e-01	1.52e-10
 2.17774e+17	5.51e-01	4.49e-01	1.62e-10
 2.17802e+17	5.62e-01	4.38e-01	1.71e-10
 2.17830e+17	5.74e-01	4.26e-01	1.81e-10
 2.17861e+17	5.86e-01	4.14e-01	1.92e-10
 2.17891e+17	5.99e-01	4.01e-01	2.04e-10
 2.17922e+17	6.11e-01	3.89e-01	2.16e-10
 2.17952e+17	6.24e-01	3.76e-01	2.29e-10
 2.17981e+17	6.36e-01	3.64e-01	2.42e-10
 2.18010e+17	6.48e-01	3.52e-01	2.57e-10
 2.18039e+17	6.59e-01	3.41e-01	2.71e-10
 2.18068e+17	6.71e-01	3.29e-01	2.89e-10
 2.18097e+17	6.82e-01	3.18e-01	3.03e-10
 2.18126e+17	6.93e-01	3.07e-01	3.22e-10
 2.18154e+17	7.04e-01	2.96e-01	3.42e-10
 2.18182e+17	7.15e-01	2.85e-01	3.61e-10
 2.18210e+17	7.25e-01	2.75e-01	3.80e-10
 2.18238e+17	7.35e-01	2.65e-01	4.04e-10
 2.18266e+17	7.45e-01	2.55e-01	4.25e-10
 2.18294e+17	7.55e-01	2.45e-01	4.50e-10
 2.18321e+17	7.64e-01	2.36e-01	4.73e-10
 2.18348e+17	7.73e-01	2.27e-01	5.00e-10
 2.18375e+17	7.82e-01	2.18e-01	5.28e-10
 2.18402e+17	7.91e-01	2.09e-01	5.57e-10
 2.18429e+17	7.99e-01	2.01e-01	5.85e-10
 2.18455e+17	8.07e-01	1.93e-01	6.18e-10
 2.18481e+17	8.14e-01	1.86e-01	6.48e-10
 2.18507e+17	8.21e-01	1.79e-01	6.84e-10
 2.18532e+17	8.28e-01	1.72e-01	7.16e-10
 2.18557e+17	8.35e-01	1.65e-01	7.55e-10
 2.18582e+17	8.41e-01	1.59e-01	7.89e-10
 2.18607e+17	8.48e-01	1.52e-01	8.30e-10
 2.18631e+17	8.53e-01	1.47e-01	8.71e-10
 2.18655e+17	8.59e-01	1.41e-01	9.13e-10
 2.18680e+17	8.65e-01	1.35e-01	9.58e-10
 2.18704e+17	8.70e-01	1.30e-01	1.00e-09
 2.18727e+17	8.75e-01	1.25e-01	1.05e-09
 2.18751e+17	8.80e-01	1.20e-01	1.10e-09
 2.18774e+17	8.85e-01	1.15e-01	1.15e-09
 2.18798e+17	8.89e-01	1.11e-01	1.22e-09
 2.18821e+17	8.93e-01	1.07e-01	1.27e-09
 2.18844e+17	8.97e-01	1.03e-01	1.33e-09
 2.18866e+17	9.01e-01	9.85e-02	1.40e-09
 2.18889e+17	9.05e-01	9.47e-02	1.46e-09
 2.18912e+17	9.09e-01	9.10e-02	1.53e-09
 2.18934e+17	9.13e-01	8.74e-02	1.61e-09
 2.18956e+17	9.16e-01	8.41e-02	1.68e-09
 2.18979e+17	9.19e-01	8.08e-02	1.77e-09
 2.19001e+17	9.22e-01	7.77e-02	1.86e-09
 2.19023e+17	9.25e-01	7.46e-02	1.96e-09
 2.19045e+17	9.28e-01	7.17e-02	2.06e-09
 2.19067e+17	9.31e-01	6.89e-02	2.18e-09
 2.19088e+17	9.34e-01	6.62e-02	2.29e-09
 2.19110e+17	9.36e-01	6.36e-02	2.42e-09
 2.19131e+17	9.39e-01	6.12e-02	2.55e-09
 2.19153e+17	9.41e-01	5.88e-02	2.71e-09
 2.19174e+17	9.44e-01	5.64e-02	2.88e-09
 2.19195e+17	9.46e-01	5.42e-02	3.06e-09
 2.19216e+17	9.48e-01	5.21e-02	3.25e-09
 2.19237e+17	9.50e-01	5.01e-02	3.47e-09
 2.19258e+17	9.52e-01	4.82e-02	3.70e-09
 2.19278e+17	9.54e-01	4.63e-02	3.97e-09
 2.19298e+17	9.56e-01	4.45e-02	4.27e-09
 2.19319e+17	9.57e-01	4.27e-02	4.62e-09
 2.19339e+17	9.59e-01	4.10e-02	5.00e-09
 2.19359e+17	9.61e-01	3.94e-02	5.43e-09
 2.19378e+17	9.62e-01	3.78e-02	5.92e-09
 2.19398e+17	9.64e-01	3.63e-02	6.46e-09
 2.19417e+17	9.65e-01	3.49e-02	7.07e-09
 2.19436e+17	9.66e-01	3.35e-02	7.74e-09
 2.19455e+17	9.68e-01	3.22e-02	8.46e-09
 2.19473e+17	9.69e-01	3.09e-02	9.23e-09
 2.19491e+17	9.70e-01	2.96e-02	1.00e-08
 2.19509e+17	9.72e-01	2.85e-02	1.09e-08
 2.19527e+17	9.73e-01	2.73e-02	1.17e-08
 2.19543e+17	9.74e-01	2.62e-02	1.25e-08
 2.19559e+17	9.75e-01	2.52e-02	1.32e-08
 2.19574e+17	9.76e-01	2.43e-02	1.38e-08
 2.19587e+17	9.77e-01	2.35e-02	1.43e-08
 2.19600e+17	9.77e-01	2.28e-02	1.46e-08
