#depth	O	O+	O+2	O+3	O+4	O+5	O+6	O+7	O+8	O[1]	O[2]	O[3]
 3.72570e+11	1.40e-08	8.11e-03	9.77e-01	1.52e-02	0.00e+00	0.00e+00	0.00e+00	0.00e+00	0.00e+00	8.55e-09	3.94e-09	1.50e-09
 2.23542e+12	1.40e-08	8.11e-03	9.77e-01	1.52e-02	6.24e-09	0.00e+00	0.00e+00	0.00e+00	0.00e+00	8.56e-09	3.94e-09	1.50e-09
 9.68682e+12	1.40e-08	8.12e-03	9.77e-01	1.51e-02	0.00e+00	0.00e+00	0.00e+00	0.00e+00	0.00e+00	8.58e-09	3.95e-09	1.50e-09
 3.94924e+13	1.42e-08	8.17e-03	9.77e-01	1.49e-02	0.00e+00	0.00e+00	0.00e+00	0.00e+00	0.00e+00	8.70e-09	4.01e-09	1.52e-09
 9.43347e+13	1.45e-08	8.26e-03	9.77e-01	1.45e-02	0.00e+00	0.00e+00	0.00e+00	0.00e+00	0.00e+00	8.89e-09	4.08e-09	1.56e-09
 1.65630e+14	1.50e-08	8.38e-03	9.78e-01	1.40e-02	0.00e+00	0.00e+00	0.00e+00	0.00e+00	0.00e+00	9.16e-09	4.19e-09	1.60e-09
 2.58313e+14	1.55e-08	8.54e-03	9.78e-01	1.33e-02	0.00e+00	0.00e+00	0.00e+00	0.00e+00	0.00e+00	9.53e-09	4.35e-09	1.66e-09
 3.78802e+14	1.63e-08	8.76e-03	9.79e-01	1.25e-02	0.00e+00	0.00e+00	0.00e+00	0.00e+00	0.00e+00	1.00e-08	4.56e-09	1.75e-09
 5.35437e+14	1.74e-08	9.03e-03	9.79e-01	1.16e-02	0.00e+00	0.00e+00	0.00e+00	0.00e+00	0.00e+00	1.07e-08	4.83e-09	1.86e-09
 7.39062e+14	1.88e-08	9.40e-03	9.80e-01	1.04e-02	0.00e+00	0.00e+00	0.00e+00	0.00e+00	0.00e+00	1.16e-08	5.21e-09	2.02e-09
 1.00378e+15	2.08e-08	9.88e-03	9.81e-01	9.13e-03	0.00e+00	0.00e+00	0.00e+00	0.00e+00	0.00e+00	1.29e-08	5.72e-09	2.23e-09
 1.34790e+15	2.36e-08	1.05e-02	9.82e-01	7.66e-03	0.00e+00	0.00e+00	0.00e+00	0.00e+00	0.00e+00	1.47e-08	6.43e-09	2.53e-09
 1.77326e+15	2.75e-08	1.13e-02	9.82e-01	6.18e-03	0.00e+00	0.00e+00	0.00e+00	0.00e+00	0.00e+00	1.71e-08	7.39e-09	2.94e-09
 2.24419e+15	3.22e-08	1.23e-02	9.83e-01	4.88e-03	0.00e+00	0.00e+00	0.00e+00	0.00e+00	0.00e+00	2.02e-08	8.56e-09	3.45e-09
 2.73396e+15	3.78e-08	1.33e-02	9.83e-01	3.81e-03	0.00e+00	0.00e+00	0.00e+00	0.00e+00	0.00e+00	2.38e-08	9.92e-09	4.05e-09
 3.24331e+15	4.43e-08	1.44e-02	9.83e-01	2.95e-03	0.00e+00	0.00e+00	0.00e+00	0.00e+00	0.00e+00	2.81e-08	1.15e-08	4.76e-09
 3.77305e+15	5.20e-08	1.55e-02	9.82e-01	2.26e-03	0.00e+00	0.00e+00	0.00e+00	0.00e+00	0.00e+00	3.31e-08	1.33e-08	5.59e-09
 4.32397e+15	6.10e-08	1.68e-02	9.81e-01	1.72e-03	0.00e+00	0.00e+00	0.00e+00	0.00e+00	0.00e+00	3.91e-08	1.54e-08	6.57e-09
 4.89693e+15	7.16e-08	1.82e-02	9.81e-01	1.29e-03	0.00e+00	0.00e+00	0.00e+00	0.00e+00	0.00e+00	4.61e-08	1.78e-08	7.73e-09
 5.49280e+15	8.40e-08	1.96e-02	9.79e-01	9.64e-04	0.00e+00	0.00e+00	0.00e+00	0.00e+00	0.00e+00	5.43e-08	2.06e-08	9.08e-09
 6.08641e+15	9.79e-08	2.12e-02	9.78e-01	7.22e-04	0.00e+00	0.00e+00	0.00e+00	0.00e+00	0.00e+00	6.37e-08	2.36e-08	1.06e-08
 6.69505e+15	1.14e-07	2.28e-02	9.77e-01	5.38e-04	0.00e+00	0.00e+00	0.00e+00	0.00e+00	0.00e+00	7.44e-08	2.71e-08	1.23e-08
 7.35414e+15	1.33e-07	2.46e-02	9.75e-01	3.92e-04	0.00e+00	0.00e+00	0.00e+00	0.00e+00	0.00e+00	8.75e-08	3.12e-08	1.45e-08
 8.04831e+15	1.56e-07	2.66e-02	9.73e-01	2.82e-04	0.00e+00	0.00e+00	0.00e+00	0.00e+00	0.00e+00	1.03e-07	3.59e-08	1.70e-08
 8.77024e+15	1.83e-07	2.87e-02	9.71e-01	2.01e-04	0.00e+00	0.00e+00	0.00e+00	0.00e+00	0.00e+00	1.22e-07	4.13e-08	1.99e-08
 9.52105e+15	2.15e-07	3.10e-02	9.69e-01	1.42e-04	0.00e+00	0.00e+00	0.00e+00	0.00e+00	0.00e+00	1.44e-07	4.76e-08	2.33e-08
 1.03019e+16	2.52e-07	3.35e-02	9.66e-01	9.94e-05	0.00e+00	0.00e+00	0.00e+00	0.00e+00	0.00e+00	1.70e-07	5.47e-08	2.73e-08
 1.11140e+16	2.95e-07	3.62e-02	9.64e-01	6.89e-05	0.00e+00	0.00e+00	0.00e+00	0.00e+00	0.00e+00	2.01e-07	6.28e-08	3.19e-08
 1.19585e+16	3.46e-07	3.90e-02	9.61e-01	4.73e-05	0.00e+00	0.00e+00	0.00e+00	0.00e+00	0.00e+00	2.37e-07	7.21e-08	3.72e-08
 1.28369e+16	4.06e-07	4.21e-02	9.58e-01	3.22e-05	0.00e+00	0.00e+00	0.00e+00	0.00e+00	0.00e+00	2.80e-07	8.28e-08	4.34e-08
 1.37503e+16	4.77e-07	4.55e-02	9.54e-01	2.17e-05	0.00e+00	0.00e+00	0.00e+00	0.00e+00	0.00e+00	3.31e-07	9.49e-08	5.05e-08
 1.47004e+16	5.60e-07	4.91e-02	9.51e-01	1.45e-05	0.00e+00	0.00e+00	0.00e+00	0.00e+00	0.00e+00	3.92e-07	1.09e-07	5.88e-08
 1.56884e+16	6.57e-07	5.30e-02	9.47e-01	9.58e-06	0.00e+00	0.00e+00	0.00e+00	0.00e+00	0.00e+00	4.64e-07	1.25e-07	6.84e-08
 1.67159e+16	7.71e-07	5.71e-02	9.43e-01	6.30e-06	0.00e+00	0.00e+00	0.00e+00	0.00e+00	0.00e+00	5.48e-07	1.43e-07	7.94e-08
 1.77845e+16	9.05e-07	6.16e-02	9.38e-01	4.11e-06	0.00e+00	0.00e+00	0.00e+00	0.00e+00	0.00e+00	6.49e-07	1.64e-07	9.22e-08
 1.88959e+16	1.06e-06	6.64e-02	9.34e-01	2.67e-06	0.00e+00	0.00e+00	0.00e+00	0.00e+00	0.00e+00	7.67e-07	1.88e-07	1.07e-07
 2.00518e+16	1.25e-06	7.16e-02	9.28e-01	1.74e-06	0.00e+00	0.00e+00	0.00e+00	0.00e+00	0.00e+00	9.07e-07	2.15e-07	1.24e-07
 2.12538e+16	1.46e-06	7.71e-02	9.23e-01	1.13e-06	0.00e+00	0.00e+00	0.00e+00	0.00e+00	0.00e+00	1.07e-06	2.47e-07	1.43e-07
 2.25040e+16	1.72e-06	8.30e-02	9.17e-01	7.41e-07	0.00e+00	0.00e+00	0.00e+00	0.00e+00	0.00e+00	1.27e-06	2.84e-07	1.66e-07
 2.38041e+16	2.01e-06	8.94e-02	9.11e-01	0.00e+00	0.00e+00	0.00e+00	0.00e+00	0.00e+00	0.00e+00	1.49e-06	3.26e-07	1.92e-07
 2.51563e+16	2.36e-06	9.62e-02	9.04e-01	0.00e+00	0.00e+00	0.00e+00	0.00e+00	0.00e+00	0.00e+00	1.76e-06	3.75e-07	2.23e-07
 2.65626e+16	2.77e-06	1.03e-01	8.96e-01	0.00e+00	0.00e+00	0.00e+00	0.00e+00	0.00e+00	0.00e+00	2.08e-06	4.31e-07	2.59e-07
 2.80251e+16	3.26e-06	1.11e-01	8.89e-01	0.00e+00	0.00e+00	0.00e+00	0.00e+00	0.00e+00	0.00e+00	2.46e-06	4.96e-07	3.00e-07
 2.95461e+16	3.83e-06	1.20e-01	8.80e-01	0.00e+00	0.00e+00	0.00e+00	0.00e+00	0.00e+00	0.00e+00	2.90e-06	5.73e-07	3.48e-07
 3.11279e+16	4.49e-06	1.29e-01	8.71e-01	0.00e+00	0.00e+00	0.00e+00	0.00e+00	0.00e+00	0.00e+00	3.43e-06	6.60e-07	4.04e-07
 3.27730e+16	5.27e-06	1.38e-01	8.62e-01	0.00e+00	0.00e+00	0.00e+00	0.00e+00	0.00e+00	0.00e+00	4.04e-06	7.62e-07	4.70e-07
 3.44840e+16	6.20e-06	1.48e-01	8.52e-01	0.00e+00	0.00e+00	0.00e+00	0.00e+00	0.00e+00	0.00e+00	4.77e-06	8.81e-07	5.47e-07
 3.62633e+16	7.28e-06	1.59e-01	8.41e-01	0.00e+00	0.00e+00	0.00e+00	0.00e+00	0.00e+00	0.00e+00	5.63e-06	1.02e-06	6.36e-07
 3.81138e+16	8.55e-06	1.71e-01	8.29e-01	0.00e+00	0.00e+00	0.00e+00	0.00e+00	0.00e+00	0.00e+00	6.63e-06	1.18e-06	7.40e-07
 4.00384e+16	1.00e-05	1.83e-01	8.17e-01	0.00e+00	0.00e+00	0.00e+00	0.00e+00	0.00e+00	0.00e+00	7.82e-06	1.36e-06	8.62e-07
 4.20399e+16	1.18e-05	1.96e-01	8.04e-01	0.00e+00	0.00e+00	0.00e+00	0.00e+00	0.00e+00	0.00e+00	9.21e-06	1.58e-06	1.00e-06
 4.41215e+16	1.38e-05	2.10e-01	7.90e-01	0.00e+00	0.00e+00	0.00e+00	0.00e+00	0.00e+00	0.00e+00	1.08e-05	1.82e-06	1.17e-06
 4.62864e+16	1.63e-05	2.25e-01	7.75e-01	0.00e+00	0.00e+00	0.00e+00	0.00e+00	0.00e+00	0.00e+00	1.28e-05	2.11e-06	1.37e-06
 4.85378e+16	1.91e-05	2.40e-01	7.60e-01	0.00e+00	0.00e+00	0.00e+00	0.00e+00	0.00e+00	0.00e+00	1.50e-05	2.45e-06	1.60e-06
 5.08794e+16	2.24e-05	2.56e-01	7.44e-01	0.00e+00	0.00e+00	0.00e+00	0.00e+00	0.00e+00	0.00e+00	1.77e-05	2.84e-06	1.86e-06
 5.33145e+16	2.63e-05	2.74e-01	7.26e-01	0.00e+00	0.00e+00	0.00e+00	0.00e+00	0.00e+00	0.00e+00	2.08e-05	3.30e-06	2.18e-06
 5.58471e+16	3.09e-05	2.92e-01	7.08e-01	0.00e+00	0.00e+00	0.00e+00	0.00e+00	0.00e+00	0.00e+00	2.45e-05	3.83e-06	2.55e-06
 5.84810e+16	3.63e-05	3.11e-01	6.89e-01	0.00e+00	0.00e+00	0.00e+00	0.00e+00	0.00e+00	0.00e+00	2.88e-05	4.45e-06	2.98e-06
 6.12202e+16	4.25e-05	3.32e-01	6.68e-01	0.00e+00	0.00e+00	0.00e+00	0.00e+00	0.00e+00	0.00e+00	3.39e-05	5.16e-06	3.48e-06
 6.40690e+16	4.99e-05	3.53e-01	6.47e-01	0.00e+00	0.00e+00	0.00e+00	0.00e+00	0.00e+00	0.00e+00	3.98e-05	6.00e-06	4.07e-06
 6.70318e+16	5.85e-05	3.75e-01	6.25e-01	0.00e+00	0.00e+00	0.00e+00	0.00e+00	0.00e+00	0.00e+00	4.68e-05	6.97e-06	4.75e-06
 7.01131e+16	6.86e-05	3.98e-01	6.02e-01	0.00e+00	0.00e+00	0.00e+00	0.00e+00	0.00e+00	0.00e+00	5.50e-05	8.11e-06	5.56e-06
 7.33176e+16	8.04e-05	4.23e-01	5.77e-01	0.00e+00	0.00e+00	0.00e+00	0.00e+00	0.00e+00	0.00e+00	6.45e-05	9.42e-06	6.49e-06
 7.66503e+16	9.43e-05	4.48e-01	5.52e-01	0.00e+00	0.00e+00	0.00e+00	0.00e+00	0.00e+00	0.00e+00	7.57e-05	1.10e-05	7.59e-06
 8.01163e+16	1.10e-04	4.75e-01	5.25e-01	0.00e+00	0.00e+00	0.00e+00	0.00e+00	0.00e+00	0.00e+00	8.89e-05	1.27e-05	8.86e-06
 8.37210e+16	1.29e-04	5.02e-01	4.98e-01	0.00e+00	0.00e+00	0.00e+00	0.00e+00	0.00e+00	0.00e+00	1.04e-04	1.48e-05	1.04e-05
 8.74698e+16	1.52e-04	5.31e-01	4.69e-01	0.00e+00	0.00e+00	0.00e+00	0.00e+00	0.00e+00	0.00e+00	1.22e-04	1.72e-05	1.21e-05
 9.13686e+16	1.78e-04	5.61e-01	4.39e-01	0.00e+00	0.00e+00	0.00e+00	0.00e+00	0.00e+00	0.00e+00	1.44e-04	2.01e-05	1.41e-05
 9.53234e+16	2.08e-04	5.90e-01	4.09e-01	0.00e+00	0.00e+00	0.00e+00	0.00e+00	0.00e+00	0.00e+00	1.68e-04	2.33e-05	1.64e-05
 9.94363e+16	2.43e-04	6.21e-01	3.78e-01	0.00e+00	0.00e+00	0.00e+00	0.00e+00	0.00e+00	0.00e+00	1.96e-04	2.70e-05	1.92e-05
 1.03673e+17	2.83e-04	6.53e-01	3.47e-01	0.00e+00	0.00e+00	0.00e+00	0.00e+00	0.00e+00	0.00e+00	2.29e-04	3.14e-05	2.23e-05
 1.07779e+17	3.27e-04	6.83e-01	3.17e-01	0.00e+00	0.00e+00	0.00e+00	0.00e+00	0.00e+00	0.00e+00	2.65e-04	3.61e-05	2.57e-05
 1.12190e+17	3.81e-04	7.15e-01	2.85e-01	0.00e+00	0.00e+00	0.00e+00	0.00e+00	0.00e+00	0.00e+00	3.10e-04	4.18e-05	2.98e-05
 1.16841e+17	4.46e-04	7.48e-01	2.52e-01	0.00e+00	0.00e+00	0.00e+00	0.00e+00	0.00e+00	0.00e+00	3.62e-04	4.86e-05	3.48e-05
 1.21134e+17	5.13e-04	7.78e-01	2.21e-01	0.00e+00	0.00e+00	0.00e+00	0.00e+00	0.00e+00	0.00e+00	4.17e-04	5.56e-05	3.99e-05
 1.25195e+17	5.85e-04	8.06e-01	1.93e-01	0.00e+00	0.00e+00	0.00e+00	0.00e+00	0.00e+00	0.00e+00	4.76e-04	6.32e-05	4.54e-05
 1.28738e+17	6.54e-04	8.30e-01	1.69e-01	0.00e+00	0.00e+00	0.00e+00	0.00e+00	0.00e+00	0.00e+00	5.33e-04	7.04e-05	5.06e-05
 1.31537e+17	7.15e-04	8.49e-01	1.50e-01	0.00e+00	0.00e+00	0.00e+00	0.00e+00	0.00e+00	0.00e+00	5.83e-04	7.67e-05	5.52e-05
 1.34038e+17	7.74e-04	8.66e-01	1.33e-01	0.00e+00	0.00e+00	0.00e+00	0.00e+00	0.00e+00	0.00e+00	6.31e-04	8.28e-05	5.97e-05
 1.36440e+17	8.36e-04	8.82e-01	1.17e-01	0.00e+00	0.00e+00	0.00e+00	0.00e+00	0.00e+00	0.00e+00	6.82e-04	8.92e-05	6.44e-05
 1.38677e+17	8.97e-04	8.97e-01	1.02e-01	0.00e+00	0.00e+00	0.00e+00	0.00e+00	0.00e+00	0.00e+00	7.33e-04	9.55e-05	6.90e-05
 1.40633e+17	9.55e-04	9.10e-01	8.89e-02	0.00e+00	0.00e+00	0.00e+00	0.00e+00	0.00e+00	0.00e+00	7.80e-04	1.01e-04	7.33e-05
 1.42302e+17	1.01e-03	9.21e-01	7.77e-02	0.00e+00	0.00e+00	0.00e+00	0.00e+00	0.00e+00	0.00e+00	8.23e-04	1.07e-04	7.73e-05
 1.43757e+17	1.06e-03	9.31e-01	6.78e-02	0.00e+00	0.00e+00	0.00e+00	0.00e+00	0.00e+00	0.00e+00	8.63e-04	1.12e-04	8.09e-05
 1.45063e+17	1.10e-03	9.40e-01	5.89e-02	0.00e+00	0.00e+00	0.00e+00	0.00e+00	0.00e+00	0.00e+00	9.00e-04	1.16e-04	8.43e-05
 1.46237e+17	1.14e-03	9.48e-01	5.08e-02	0.00e+00	0.00e+00	0.00e+00	0.00e+00	0.00e+00	0.00e+00	9.35e-04	1.21e-04	8.75e-05
 1.47285e+17	1.18e-03	9.55e-01	4.35e-02	0.00e+00	0.00e+00	0.00e+00	0.00e+00	0.00e+00	0.00e+00	9.67e-04	1.25e-04	9.04e-05
 1.48206e+17	1.22e-03	9.62e-01	3.71e-02	0.00e+00	0.00e+00	0.00e+00	0.00e+00	0.00e+00	0.00e+00	9.96e-04	1.28e-04	9.30e-05
 1.49006e+17	1.25e-03	9.67e-01	3.15e-02	0.00e+00	0.00e+00	0.00e+00	0.00e+00	0.00e+00	0.00e+00	1.02e-03	1.31e-04	9.54e-05
 1.49710e+17	1.28e-03	9.72e-01	2.67e-02	0.00e+00	0.00e+00	0.00e+00	0.00e+00	0.00e+00	0.00e+00	1.04e-03	1.34e-04	9.74e-05
 1.50343e+17	1.30e-03	9.76e-01	2.24e-02	0.00e+00	0.00e+00	0.00e+00	0.00e+00	0.00e+00	0.00e+00	1.06e-03	1.37e-04	9.93e-05
 1.50918e+17	1.32e-03	9.80e-01	1.86e-02	0.00e+00	0.00e+00	0.00e+00	0.00e+00	0.00e+00	0.00e+00	1.08e-03	1.39e-04	1.01e-04
 1.51438e+17	1.34e-03	9.83e-01	1.52e-02	0.00e+00	0.00e+00	0.00e+00	0.00e+00	0.00e+00	0.00e+00	1.10e-03	1.41e-04	1.02e-04
 1.51909e+17	1.36e-03	9.86e-01	1.24e-02	0.00e+00	0.00e+00	0.00e+00	0.00e+00	0.00e+00	0.00e+00	1.11e-03	1.43e-04	1.04e-04
 1.52339e+17	1.37e-03	9.89e-01	9.97e-03	0.00e+00	0.00e+00	0.00e+00	0.00e+00	0.00e+00	0.00e+00	1.12e-03	1.44e-04	1.05e-04
 1.52739e+17	1.38e-03	9.91e-01	7.93e-03	0.00e+00	0.00e+00	0.00e+00	0.00e+00	0.00e+00	0.00e+00	1.13e-03	1.45e-04	1.05e-04
 1.53119e+17	1.39e-03	9.92e-01	6.20e-03	0.00e+00	0.00e+00	0.00e+00	0.00e+00	0.00e+00	0.00e+00	1.14e-03	1.46e-04	1.06e-04
 1.53488e+17	1.40e-03	9.94e-01	4.76e-03	0.00e+00	0.00e+00	0.00e+00	0.00e+00	0.00e+00	0.00e+00	1.15e-03	1.47e-04	1.07e-04
 1.53905e+17	1.41e-03	9.95e-01	3.43e-03	0.00e+00	0.00e+00	0.00e+00	0.00e+00	0.00e+00	0.00e+00	1.16e-03	1.48e-04	1.07e-04
 1.54359e+17	1.42e-03	9.96e-01	2.33e-03	0.00e+00	0.00e+00	0.00e+00	0.00e+00	0.00e+00	0.00e+00	1.16e-03	1.49e-04	1.08e-04
 1.54783e+17	1.43e-03	9.97e-01	1.59e-03	0.00e+00	0.00e+00	0.00e+00	0.00e+00	0.00e+00	0.00e+00	1.17e-03	1.49e-04	1.09e-04
 1.55258e+17	1.44e-03	9.98e-01	1.03e-03	0.00e+00	0.00e+00	0.00e+00	0.00e+00	0.00e+00	0.00e+00	1.18e-03	1.50e-04	1.09e-04
 1.55876e+17	1.45e-03	9.98e-01	5.89e-04	0.00e+00	0.00e+00	0.00e+00	0.00e+00	0.00e+00	0.00e+00	1.19e-03	1.52e-04	1.10e-04
 1.56679e+17	1.48e-03	9.98e-01	2.88e-04	0.00e+00	0.00e+00	0.00e+00	0.00e+00	0.00e+00	0.00e+00	1.21e-03	1.54e-04	1.12e-04
 1.57722e+17	1.52e-03	9.98e-01	1.16e-04	0.00e+00	0.00e+00	0.00e+00	0.00e+00	0.00e+00	0.00e+00	1.25e-03	1.58e-04	1.15e-04
 1.59079e+17	1.58e-03	9.98e-01	3.72e-05	0.00e+00	0.00e+00	0.00e+00	0.00e+00	0.00e+00	0.00e+00	1.29e-03	1.64e-04	1.20e-04
 1.60843e+17	1.66e-03	9.98e-01	9.10e-06	0.00e+00	0.00e+00	0.00e+00	0.00e+00	0.00e+00	0.00e+00	1.36e-03	1.72e-04	1.25e-04
 1.63136e+17	1.77e-03	9.98e-01	1.63e-06	0.00e+00	0.00e+00	0.00e+00	0.00e+00	0.00e+00	0.00e+00	1.45e-03	1.84e-04	1.34e-04
 1.66117e+17	1.93e-03	9.98e-01	2.06e-07	0.00e+00	0.00e+00	0.00e+00	0.00e+00	0.00e+00	0.00e+00	1.59e-03	2.00e-04	1.46e-04
 1.69992e+17	2.17e-03	9.98e-01	1.80e-08	0.00e+00	0.00e+00	0.00e+00	0.00e+00	0.00e+00	0.00e+00	1.79e-03	2.25e-04	1.64e-04
 1.75029e+17	2.56e-03	9.97e-01	1.00e-09	0.00e+00	0.00e+00	0.00e+00	0.00e+00	0.00e+00	0.00e+00	2.10e-03	2.64e-04	1.92e-04
 1.80103e+17	3.06e-03	9.97e-01	5.09e-11	0.00e+00	0.00e+00	0.00e+00	0.00e+00	0.00e+00	0.00e+00	2.52e-03	3.15e-04	2.30e-04
 1.83887e+17	3.55e-03	9.96e-01	6.14e-12	0.00e+00	0.00e+00	0.00e+00	0.00e+00	0.00e+00	0.00e+00	2.92e-03	3.65e-04	2.66e-04
 1.86779e+17	4.03e-03	9.96e-01	1.31e-12	0.00e+00	0.00e+00	0.00e+00	0.00e+00	0.00e+00	0.00e+00	3.32e-03	4.14e-04	3.01e-04
 1.89847e+17	4.66e-03	9.95e-01	2.69e-13	0.00e+00	0.00e+00	0.00e+00	0.00e+00	0.00e+00	0.00e+00	3.83e-03	4.78e-04	3.48e-04
 1.93135e+17	5.52e-03	9.94e-01	4.81e-14	0.00e+00	0.00e+00	0.00e+00	0.00e+00	0.00e+00	0.00e+00	4.54e-03	5.66e-04	4.12e-04
 1.95866e+17	6.48e-03	9.94e-01	1.16e-14	0.00e+00	0.00e+00	0.00e+00	0.00e+00	0.00e+00	0.00e+00	5.33e-03	6.64e-04	4.83e-04
 1.98015e+17	7.46e-03	9.93e-01	3.92e-15	0.00e+00	0.00e+00	0.00e+00	0.00e+00	0.00e+00	0.00e+00	6.14e-03	7.65e-04	5.56e-04
 1.99934e+17	8.57e-03	9.91e-01	1.55e-15	0.00e+00	0.00e+00	0.00e+00	0.00e+00	0.00e+00	0.00e+00	7.05e-03	8.79e-04	6.38e-04
 2.02114e+17	1.02e-02	9.90e-01	5.92e-16	0.00e+00	0.00e+00	0.00e+00	0.00e+00	0.00e+00	0.00e+00	8.39e-03	1.05e-03	7.59e-04
 2.04365e+17	1.25e-02	9.87e-01	2.31e-16	0.00e+00	0.00e+00	0.00e+00	0.00e+00	0.00e+00	0.00e+00	1.03e-02	1.29e-03	9.32e-04
 2.05946e+17	1.49e-02	9.85e-01	1.60e-16	0.00e+00	0.00e+00	0.00e+00	0.00e+00	0.00e+00	0.00e+00	1.22e-02	1.53e-03	1.11e-03
 2.06934e+17	1.67e-02	9.83e-01	1.68e-16	0.00e+00	0.00e+00	0.00e+00	0.00e+00	0.00e+00	0.00e+00	1.38e-02	1.72e-03	1.25e-03
 2.07914e+17	1.90e-02	9.81e-01	1.63e-16	0.00e+00	0.00e+00	0.00e+00	0.00e+00	0.00e+00	0.00e+00	1.57e-02	1.96e-03	1.41e-03
 2.09188e+17	2.28e-02	9.77e-01	1.34e-16	0.00e+00	0.00e+00	0.00e+00	0.00e+00	0.00e+00	0.00e+00	1.88e-02	2.35e-03	1.70e-03
 2.10496e+17	2.84e-02	9.72e-01	1.01e-16	0.00e+00	0.00e+00	0.00e+00	0.00e+00	0.00e+00	0.00e+00	2.34e-02	2.92e-03	2.11e-03
 2.11503e+17	3.47e-02	9.65e-01	8.99e-17	0.00e+00	0.00e+00	0.00e+00	0.00e+00	0.00e+00	0.00e+00	2.86e-02	3.56e-03	2.57e-03
 2.12260e+17	4.12e-02	9.59e-01	8.45e-17	0.00e+00	0.00e+00	0.00e+00	0.00e+00	0.00e+00	0.00e+00	3.39e-02	4.22e-03	3.05e-03
 2.12874e+17	4.81e-02	9.52e-01	7.85e-17	0.00e+00	0.00e+00	0.00e+00	0.00e+00	0.00e+00	0.00e+00	3.96e-02	4.92e-03	3.56e-03
 2.13390e+17	5.57e-02	9.44e-01	7.23e-17	0.00e+00	0.00e+00	0.00e+00	0.00e+00	0.00e+00	0.00e+00	4.59e-02	5.68e-03	4.11e-03
 2.13863e+17	6.46e-02	9.35e-01	6.73e-17	0.00e+00	0.00e+00	0.00e+00	0.00e+00	0.00e+00	0.00e+00	5.33e-02	6.57e-03	4.76e-03
 2.14309e+17	7.55e-02	9.24e-01	5.81e-17	0.00e+00	0.00e+00	0.00e+00	0.00e+00	0.00e+00	0.00e+00	6.23e-02	7.63e-03	5.54e-03
 2.14715e+17	8.84e-02	9.12e-01	4.98e-17	0.00e+00	0.00e+00	0.00e+00	0.00e+00	0.00e+00	0.00e+00	7.31e-02	8.88e-03	6.46e-03
 2.15071e+17	1.03e-01	8.97e-01	4.15e-17	0.00e+00	0.00e+00	0.00e+00	0.00e+00	0.00e+00	0.00e+00	8.52e-02	1.03e-02	7.49e-03
 2.15385e+17	1.19e-01	8.81e-01	3.45e-17	0.00e+00	0.00e+00	0.00e+00	0.00e+00	0.00e+00	0.00e+00	9.90e-02	1.18e-02	8.64e-03
 2.15670e+17	1.39e-01	8.61e-01	2.59e-17	0.00e+00	0.00e+00	0.00e+00	0.00e+00	0.00e+00	0.00e+00	1.15e-01	1.35e-02	9.96e-03
 2.15933e+17	1.61e-01	8.39e-01	1.91e-17	0.00e+00	0.00e+00	0.00e+00	0.00e+00	0.00e+00	0.00e+00	1.34e-01	1.55e-02	1.15e-02
 2.16173e+17	1.86e-01	8.14e-01	1.34e-17	0.00e+00	0.00e+00	0.00e+00	0.00e+00	0.00e+00	0.00e+00	1.55e-01	1.77e-02	1.32e-02
 2.16393e+17	2.15e-01	7.85e-01	8.92e-18	0.00e+00	0.00e+00	0.00e+00	0.00e+00	0.00e+00	0.00e+00	1.80e-01	2.01e-02	1.50e-02
 2.16595e+17	2.48e-01	7.52e-01	5.63e-18	0.00e+00	0.00e+00	0.00e+00	0.00e+00	0.00e+00	0.00e+00	2.09e-01	2.26e-02	1.71e-02
 2.16784e+17	2.85e-01	7.15e-01	3.35e-18	0.00e+00	0.00e+00	0.00e+00	0.00e+00	0.00e+00	0.00e+00	2.41e-01	2.53e-02	1.93e-02
 2.16959e+17	3.26e-01	6.74e-01	1.90e-18	0.00e+00	0.00e+00	0.00e+00	0.00e+00	0.00e+00	0.00e+00	2.77e-01	2.80e-02	2.16e-02
 2.17106e+17	3.66e-01	6.34e-01	1.07e-18	0.00e+00	0.00e+00	0.00e+00	0.00e+00	0.00e+00	0.00e+00	3.12e-01	3.04e-02	2.37e-02
 2.17219e+17	4.00e-01	6.00e-01	6.78e-19	0.00e+00	0.00e+00	0.00e+00	0.00e+00	0.00e+00	0.00e+00	3.43e-01	3.23e-02	2.54e-02
 2.17306e+17	4.29e-01	5.71e-01	4.59e-19	0.00e+00	0.00e+00	0.00e+00	0.00e+00	0.00e+00	0.00e+00	3.68e-01	3.37e-02	2.67e-02
 2.17381e+17	4.55e-01	5.45e-01	3.21e-19	0.00e+00	0.00e+00	0.00e+00	0.00e+00	0.00e+00	0.00e+00	3.92e-01	3.48e-02	2.78e-02
 2.17453e+17	4.80e-01	5.20e-01	2.28e-19	0.00e+00	0.00e+00	0.00e+00	0.00e+00	0.00e+00	0.00e+00	4.16e-01	3.58e-02	2.89e-02
 2.17519e+17	5.06e-01	4.94e-01	1.60e-19	0.00e+00	0.00e+00	0.00e+00	0.00e+00	0.00e+00	0.00e+00	4.39e-01	3.66e-02	2.98e-02
 2.17581e+17	5.29e-01	4.71e-01	1.21e-19	0.00e+00	0.00e+00	0.00e+00	0.00e+00	0.00e+00	0.00e+00	4.61e-01	3.73e-02	3.06e-02
 2.17637e+17	5.51e-01	4.49e-01	9.01e-20	0.00e+00	0.00e+00	0.00e+00	0.00e+00	0.00e+00	0.00e+00	4.82e-01	3.78e-02	3.12e-02
 2.17688e+17	5.70e-01	4.30e-01	7.17e-20	0.00e+00	0.00e+00	0.00e+00	0.00e+00	0.00e+00	0.00e+00	5.00e-01	3.82e-02	3.17e-02
 2.17736e+17	5.90e-01	4.10e-01	5.57e-20	0.00e+00	0.00e+00	0.00e+00	0.00e+00	0.00e+00	0.00e+00	5.19e-01	3.85e-02	3.22e-02
 2.17774e+17	6.04e-01	3.96e-01	4.72e-20	0.00e+00	0.00e+00	0.00e+00	0.00e+00	0.00e+00	0.00e+00	5.33e-01	3.87e-02	3.25e-02
 2.17802e+17	6.15e-01	3.85e-01	4.19e-20	0.00e+00	0.00e+00	0.00e+00	0.00e+00	0.00e+00	0.00e+00	5.43e-01	3.88e-02	3.27e-02
 2.17830e+17	6.26e-01	3.74e-01	3.64e-20	0.00e+00	0.00e+00	0.00e+00	0.00e+00	0.00e+00	0.00e+00	5.55e-01	3.88e-02	3.28e-02
 2.17861e+17	6.38e-01	3.62e-01	3.19e-20	0.00e+00	0.00e+00	0.00e+00	0.00e+00	0.00e+00	0.00e+00	5.67e-01	3.88e-02	3.30e-02
 2.17891e+17	6.51e-01	3.49e-01	2.79e-20	0.00e+00	0.00e+00	0.00e+00	0.00e+00	0.00e+00	0.00e+00	5.79e-01	3.88e-02	3.31e-02
 2.17922e+17	6.62e-01	3.38e-01	2.47e-20	0.00e+00	0.00e+00	0.00e+00	0.00e+00	0.00e+00	0.00e+00	5.90e-01	3.88e-02	3.32e-02
 2.17952e+17	6.74e-01	3.26e-01	2.18e-20	0.00e+00	0.00e+00	0.00e+00	0.00e+00	0.00e+00	0.00e+00	6.02e-01	3.87e-02	3.33e-02
 2.17981e+17	6.85e-01	3.15e-01	1.95e-20	0.00e+00	0.00e+00	0.00e+00	0.00e+00	0.00e+00	0.00e+00	6.13e-01	3.86e-02	3.33e-02
 2.18010e+17	6.96e-01	3.04e-01	1.73e-20	0.00e+00	0.00e+00	0.00e+00	0.00e+00	0.00e+00	0.00e+00	6.25e-01	3.84e-02	3.33e-02
 2.18039e+17	7.07e-01	2.93e-01	1.56e-20	0.00e+00	0.00e+00	0.00e+00	0.00e+00	0.00e+00	0.00e+00	6.35e-01	3.83e-02	3.33e-02
 2.18068e+17	7.18e-01	2.82e-01	1.40e-20	0.00e+00	0.00e+00	0.00e+00	0.00e+00	0.00e+00	0.00e+00	6.47e-01	3.80e-02	3.33e-02
 2.18097e+17	7.28e-01	2.72e-01	1.27e-20	0.00e+00	0.00e+00	0.00e+00	0.00e+00	0.00e+00	0.00e+00	6.57e-01	3.78e-02	3.32e-02
 2.18126e+17	7.38e-01	2.62e-01	1.14e-20	0.00e+00	0.00e+00	0.00e+00	0.00e+00	0.00e+00	0.00e+00	6.67e-01	3.76e-02	3.31e-02
 2.18154e+17	7.48e-01	2.52e-01	1.03e-20	0.00e+00	0.00e+00	0.00e+00	0.00e+00	0.00e+00	0.00e+00	6.78e-01	3.73e-02	3.29e-02
 2.18182e+17	7.58e-01	2.42e-01	9.37e-21	0.00e+00	0.00e+00	0.00e+00	0.00e+00	0.00e+00	0.00e+00	6.88e-01	3.69e-02	3.28e-02
 2.18210e+17	7.67e-01	2.33e-01	0.00e+00	0.00e+00	0.00e+00	0.00e+00	0.00e+00	0.00e+00	0.00e+00	6.98e-01	3.66e-02	3.26e-02
 2.18238e+17	7.76e-01	2.24e-01	0.00e+00	0.00e+00	0.00e+00	0.00e+00	0.00e+00	0.00e+00	0.00e+00	7.08e-01	3.63e-02	3.24e-02
 2.18266e+17	7.85e-01	2.15e-01	0.00e+00	0.00e+00	0.00e+00	0.00e+00	0.00e+00	0.00e+00	0.00e+00	7.17e-01	3.59e-02	3.22e-02
 2.18294e+17	7.94e-01	2.06e-01	0.00e+00	0.00e+00	0.00e+00	0.00e+00	0.00e+00	0.00e+00	0.00e+00	7.26e-01	3.55e-02	3.19e-02
 2.18321e+17	8.02e-01	1.98e-01	0.00e+00	0.00e+00	0.00e+00	0.00e+00	0.00e+00	0.00e+00	0.00e+00	7.35e-01	3.51e-02	3.17e-02
 2.18348e+17	8.10e-01	1.90e-01	0.00e+00	0.00e+00	0.00e+00	0.00e+00	0.00e+00	0.00e+00	0.00e+00	7.44e-01	3.47e-02	3.14e-02
 2.18375e+17	8.18e-01	1.82e-01	0.00e+00	0.00e+00	0.00e+00	0.00e+00	0.00e+00	0.00e+00	0.00e+00	7.52e-01	3.43e-02	3.11e-02
 2.18402e+17	8.25e-01	1.75e-01	0.00e+00	0.00e+00	0.00e+00	0.00e+00	0.00e+00	0.00e+00	0.00e+00	7.60e-01	3.39e-02	3.09e-02
 2.18429e+17	8.32e-01	1.68e-01	0.00e+00	0.00e+00	0.00e+00	0.00e+00	0.00e+00	0.00e+00	0.00e+00	7.68e-01	3.35e-02	3.06e-02
 2.18455e+17	8.39e-01	1.61e-01	0.00e+00	0.00e+00	0.00e+00	0.00e+00	0.00e+00	0.00e+00	0.00e+00	7.76e-01	3.31e-02	3.02e-02
 2.18481e+17	8.46e-01	1.54e-01	0.00e+00	0.00e+00	0.00e+00	0.00e+00	0.00e+00	0.00e+00	0.00e+00	7.83e-01	3.27e-02	2.99e-02
 2.18507e+17	8.52e-01	1.48e-01	0.00e+00	0.00e+00	0.00e+00	0.00e+00	0.00e+00	0.00e+00	0.00e+00	7.90e-01	3.22e-02	2.96e-02
 2.18532e+17	8.58e-01	1.42e-01	0.00e+00	0.00e+00	0.00e+00	0.00e+00	0.00e+00	0.00e+00	0.00e+00	7.97e-01	3.18e-02	2.93e-02
 2.18557e+17	8.64e-01	1.36e-01	0.00e+00	0.00e+00	0.00e+00	0.00e+00	0.00e+00	0.00e+00	0.00e+00	8.03e-01	3.14e-02	2.90e-02
 2.18582e+17	8.69e-01	1.31e-01	0.00e+00	0.00e+00	0.00e+00	0.00e+00	0.00e+00	0.00e+00	0.00e+00	8.09e-01	3.10e-02	2.87e-02
 2.18607e+17	8.74e-01	1.26e-01	0.00e+00	0.00e+00	0.00e+00	0.00e+00	0.00e+00	0.00e+00	0.00e+00	8.15e-01	3.06e-02	2.84e-02
 2.18631e+17	8.79e-01	1.21e-01	0.00e+00	0.00e+00	0.00e+00	0.00e+00	0.00e+00	0.00e+00	0.00e+00	8.21e-01	3.02e-02	2.81e-02
 2.18655e+17	8.84e-01	1.16e-01	0.00e+00	0.00e+00	0.00e+00	0.00e+00	0.00e+00	0.00e+00	0.00e+00	8.27e-01	2.99e-02	2.77e-02
 2.18680e+17	8.89e-01	1.11e-01	0.00e+00	0.00e+00	0.00e+00	0.00e+00	0.00e+00	0.00e+00	0.00e+00	8.32e-01	2.95e-02	2.74e-02
 2.18704e+17	8.93e-01	1.07e-01	0.00e+00	0.00e+00	0.00e+00	0.00e+00	0.00e+00	0.00e+00	0.00e+00	8.37e-01	2.91e-02	2.71e-02
 2.18727e+17	8.98e-01	1.02e-01	0.00e+00	0.00e+00	0.00e+00	0.00e+00	0.00e+00	0.00e+00	0.00e+00	8.42e-01	2.87e-02	2.67e-02
 2.18751e+17	9.02e-01	9.83e-02	0.00e+00	0.00e+00	0.00e+00	0.00e+00	0.00e+00	0.00e+00	0.00e+00	8.47e-01	2.83e-02	2.64e-02
 2.18774e+17	9.06e-01	9.43e-02	0.00e+00	0.00e+00	0.00e+00	0.00e+00	0.00e+00	0.00e+00	0.00e+00	8.52e-01	2.80e-02	2.61e-02
 2.18798e+17	9.10e-01	9.05e-02	0.00e+00	0.00e+00	0.00e+00	0.00e+00	0.00e+00	0.00e+00	0.00e+00	8.56e-01	2.76e-02	2.57e-02
 2.18821e+17	9.13e-01	8.70e-02	0.00e+00	0.00e+00	0.00e+00	0.00e+00	0.00e+00	0.00e+00	0.00e+00	8.60e-01	2.73e-02	2.54e-02
 2.18844e+17	9.17e-01	8.35e-02	0.00e+00	0.00e+00	0.00e+00	0.00e+00	0.00e+00	0.00e+00	0.00e+00	8.64e-01	2.69e-02	2.51e-02
 2.18866e+17	9.20e-01	8.01e-02	0.00e+00	0.00e+00	0.00e+00	0.00e+00	0.00e+00	0.00e+00	0.00e+00	8.68e-01	2.66e-02	2.48e-02
 2.18889e+17	9.23e-01	7.69e-02	0.00e+00	0.00e+00	0.00e+00	0.00e+00	0.00e+00	0.00e+00	0.00e+00	8.72e-01	2.63e-02	2.45e-02
 2.18912e+17	9.26e-01	7.38e-02	0.00e+00	0.00e+00	0.00e+00	0.00e+00	0.00e+00	0.00e+00	0.00e+00	8.76e-01	2.60e-02	2.42e-02
 2.18934e+17	9.29e-01	7.09e-02	0.00e+00	0.00e+00	0.00e+00	0.00e+00	0.00e+00	0.00e+00	0.00e+00	8.79e-01	2.57e-02	2.39e-02
 2.18956e+17	9.32e-01	6.81e-02	0.00e+00	0.00e+00	0.00e+00	0.00e+00	0.00e+00	0.00e+00	0.00e+00	8.83e-01	2.54e-02	2.37e-02
 2.18979e+17	9.35e-01	6.54e-02	0.00e+00	0.00e+00	0.00e+00	0.00e+00	0.00e+00	0.00e+00	0.00e+00	8.86e-01	2.51e-02	2.34e-02
 2.19001e+17	9.37e-01	6.28e-02	0.00e+00	0.00e+00	0.00e+00	0.00e+00	0.00e+00	0.00e+00	0.00e+00	8.89e-01	2.48e-02	2.31e-02
 2.19023e+17	9.40e-01	6.03e-02	0.00e+00	0.00e+00	0.00e+00	0.00e+00	0.00e+00	0.00e+00	0.00e+00	8.92e-01	2.46e-02	2.29e-02
 2.19045e+17	9.42e-01	5.79e-02	0.00e+00	0.00e+00	0.00e+00	0.00e+00	0.00e+00	0.00e+00	0.00e+00	8.95e-01	2.43e-02	2.26e-02
 2.19067e+17	9.44e-01	5.56e-02	0.00e+00	0.00e+00	0.00e+00	0.00e+00	0.00e+00	0.00e+00	0.00e+00	8.98e-01	2.40e-02	2.24e-02
 2.19088e+17	9.47e-01	5.33e-02	0.00e+00	0.00e+00	0.00e+00	0.00e+00	0.00e+00	0.00e+00	0.00e+00	9.01e-01	2.38e-02	2.21e-02
 2.19110e+17	9.49e-01	5.12e-02	0.00e+00	0.00e+00	0.00e+00	0.00e+00	0.00e+00	0.00e+00	0.00e+00	9.03e-01	2.36e-02	2.19e-02
 2.19131e+17	9.51e-01	4.92e-02	0.00e+00	0.00e+00	0.00e+00	0.00e+00	0.00e+00	0.00e+00	0.00e+00	9.06e-01	2.33e-02	2.17e-02
 2.19153e+17	9.53e-01	4.72e-02	0.00e+00	0.00e+00	0.00e+00	0.00e+00	0.00e+00	0.00e+00	0.00e+00	9.08e-01	2.31e-02	2.15e-02
 2.19174e+17	9.55e-01	4.53e-02	0.00e+00	0.00e+00	0.00e+00	0.00e+00	0.00e+00	0.00e+00	0.00e+00	9.11e-01	2.29e-02	2.13e-02
 2.19195e+17	9.56e-01	4.35e-02	0.00e+00	0.00e+00	0.00e+00	0.00e+00	0.00e+00	0.00e+00	0.00e+00	9.13e-01	2.27e-02	2.10e-02
 2.19216e+17	9.58e-01	4.18e-02	0.00e+00	0.00e+00	0.00e+00	0.00e+00	0.00e+00	0.00e+00	0.00e+00	9.15e-01	2.25e-02	2.08e-02
 2.19237e+17	9.60e-01	4.01e-02	0.00e+00	0.00e+00	0.00e+00	0.00e+00	0.00e+00	0.00e+00	0.00e+00	9.17e-01	2.23e-02	2.07e-02
 2.19258e+17	9.61e-01	3.86e-02	0.00e+00	0.00e+00	0.00e+00	0.00e+00	0.00e+00	0.00e+00	0.00e+00	9.19e-01	2.21e-02	2.05e-02
 2.19278e+17	9.63e-01	3.70e-02	0.00e+00	0.00e+00	0.00e+00	0.00e+00	0.00e+00	0.00e+00	0.00e+00	9.21e-01	2.19e-02	2.03e-02
 2.19298e+17	9.64e-01	3.55e-02	0.00e+00	0.00e+00	0.00e+00	0.00e+00	0.00e+00	0.00e+00	0.00e+00	9.23e-01	2.17e-02	2.01e-02
 2.19319e+17	9.66e-01	3.41e-02	0.00e+00	0.00e+00	0.00e+00	0.00e+00	0.00e+00	0.00e+00	0.00e+00	9.24e-01	2.15e-02	1.99e-02
 2.19339e+17	9.67e-01	3.27e-02	0.00e+00	0.00e+00	0.00e+00	0.00e+00	0.00e+00	0.00e+00	0.00e+00	9.26e-01	2.13e-02	1.97e-02
 2.19359e+17	9.69e-01	3.14e-02	0.00e+00	0.00e+00	0.00e+00	0.00e+00	0.00e+00	0.00e+00	0.00e+00	9.28e-01	2.12e-02	1.96e-02
 2.19378e+17	9.70e-01	3.01e-02	0.00e+00	0.00e+00	0.00e+00	0.00e+00	0.00e+00	0.00e+00	0.00e+00	9.29e-01	2.10e-02	1.94e-02
 2.19398e+17	9.71e-01	2.89e-02	0.00e+00	0.00e+00	0.00e+00	0.00e+00	0.00e+00	0.00e+00	0.00e+00	9.31e-01	2.08e-02	1.92e-02
 2.19417e+17	9.72e-01	2.77e-02	0.00e+00	0.00e+00	0.00e+00	0.00e+00	0.00e+00	0.00e+00	0.00e+00	9.33e-01	2.07e-02	1.91e-02
 2.19436e+17	9.73e-01	2.66e-02	0.00e+00	0.00e+00	0.00e+00	0.00e+00	0.00e+00	0.00e+00	0.00e+00	9.34e-01	2.05e-02	1.89e-02
 2.19455e+17	9.74e-01	2.55e-02	0.00e+00	0.00e+00	0.00e+00	0.00e+00	0.00e+00	0.00e+00	0.00e+00	9.35e-01	2.04e-02	1.88e-02
 2.19473e+17	9.76e-01	2.45e-02	0.00e+00	0.00e+00	0.00e+00	0.00e+00	0.00e+00	0.00e+00	0.00e+00	9.37e-01	2.02e-02	1.86e-02
 2.19491e+17	9.77e-01	2.34e-02	0.00e+00	0.00e+00	0.00e+00	0.00e+00	0.00e+00	0.00e+00	0.00e+00	9.38e-01	2.01e-02	1.84e-02
 2.19509e+17	9.78e-01	2.24e-02	0.00e+00	0.00e+00	0.00e+00	0.00e+00	0.00e+00	0.00e+00	0.00e+00	9.39e-01	1.99e-02	1.83e-02
 2.19527e+17	9.78e-01	2.15e-02	0.00e+00	0.00e+00	0.00e+00	0.00e+00	0.00e+00	0.00e+00	0.00e+00	9.41e-01	1.97e-02	1.81e-02
 2.19543e+17	9.79e-01	2.06e-02	0.00e+00	0.00e+00	0.00e+00	0.00e+00	0.00e+00	0.00e+00	0.00e+00	9.42e-01	1.96e-02	1.80e-02
 2.19559e+17	9.80e-01	1.98e-02	0.00e+00	0.00e+00	0.00e+00	0.00e+00	0.00e+00	0.00e+00	0.00e+00	9.43e-01	1.95e-02	1.78e-02
 2.19574e+17	9.81e-01	1.90e-02	0.00e+00	0.00e+00	0.00e+00	0.00e+00	0.00e+00	0.00e+00	0.00e+00	9.44e-01	1.93e-02	1.77e-02
 2.19587e+17	9.82e-01	1.84e-02	0.00e+00	0.00e+00	0.00e+00	0.00e+00	0.00e+00	0.00e+00	0.00e+00	9.45e-01	1.92e-02	1.76e-02
 2.19600e+17	9.82e-01	1.78e-02	0.00e+00	0.00e+00	0.00e+00	0.00e+00	0.00e+00	0.00e+00	0.00e+00	9.46e-01	1.91e-02	1.74e-02
