#depth	H	H+	H2
 3.77862e+11	6.03e-06	1.00e+00	5.68e-18
 2.26717e+12	6.03e-06	1.00e+00	5.69e-18
 9.82440e+12	6.05e-06	1.00e+00	5.74e-18
 4.00533e+13	6.08e-06	1.00e+00	5.82e-18
 9.56746e+13	6.16e-06	1.00e+00	6.01e-18
 1.67982e+14	6.26e-06	1.00e+00	6.24e-18
 2.61982e+14	6.38e-06	1.00e+00	6.46e-18
 3.84182e+14	6.54e-06	1.00e+00	6.76e-18
 5.43042e+14	6.75e-06	1.00e+00	7.14e-18
 7.49560e+14	7.02e-06	1.00e+00	7.65e-18
 1.01803e+15	7.38e-06	1.00e+00	8.33e-18
 1.36705e+15	7.86e-06	1.00e+00	9.28e-18
 1.79560e+15	8.46e-06	1.00e+00	1.05e-17
 2.26743e+15	9.15e-06	1.00e+00	1.19e-17
 2.75812e+15	9.90e-06	1.00e+00	1.35e-17
 3.26845e+15	1.07e-05	1.00e+00	1.53e-17
 3.79919e+15	1.16e-05	1.00e+00	1.73e-17
 4.35116e+15	1.25e-05	1.00e+00	1.95e-17
 4.92520e+15	1.35e-05	1.00e+00	2.21e-17
 5.52221e+15	1.46e-05	1.00e+00	2.49e-17
 6.11789e+15	1.58e-05	1.00e+00	2.79e-17
 6.72968e+15	1.70e-05	1.00e+00	3.13e-17
 7.39115e+15	1.84e-05	1.00e+00	3.53e-17
 8.08679e+15	1.99e-05	1.00e+00	3.99e-17
 8.81027e+15	2.15e-05	1.00e+00	4.51e-17
 9.56268e+15	2.32e-05	1.00e+00	5.08e-17
 1.03452e+16	2.51e-05	1.00e+00	5.74e-17
 1.11590e+16	2.72e-05	1.00e+00	6.48e-17
 1.20054e+16	2.94e-05	1.00e+00	7.33e-17
 1.28856e+16	3.18e-05	1.00e+00	8.25e-17
 1.38010e+16	3.43e-05	1.00e+00	9.35e-17
 1.47530e+16	3.71e-05	1.00e+00	1.05e-16
 1.57431e+16	4.01e-05	1.00e+00	1.19e-16
 1.67729e+16	4.34e-05	1.00e+00	1.35e-16
 1.78438e+16	4.69e-05	1.00e+00	1.53e-16
 1.89575e+16	5.07e-05	1.00e+00	1.73e-16
 2.01158e+16	5.48e-05	1.00e+00	1.97e-16
 2.13205e+16	5.92e-05	1.00e+00	2.23e-16
 2.25733e+16	6.40e-05	1.00e+00	2.55e-16
 2.38762e+16	6.92e-05	1.00e+00	2.90e-16
 2.52313e+16	7.48e-05	1.00e+00	3.31e-16
 2.66405e+16	8.08e-05	1.00e+00	3.78e-16
 2.81061e+16	8.73e-05	1.00e+00	4.32e-16
 2.96304e+16	9.44e-05	1.00e+00	4.94e-16
 3.12156e+16	1.02e-04	1.00e+00	5.66e-16
 3.28642e+16	1.10e-04	1.00e+00	6.49e-16
 3.45788e+16	1.19e-04	1.00e+00	7.48e-16
 3.63620e+16	1.29e-04	1.00e+00	8.59e-16
 3.82164e+16	1.39e-04	1.00e+00	9.94e-16
 4.01451e+16	1.50e-04	1.00e+00	1.15e-15
 4.21509e+16	1.63e-04	1.00e+00	1.33e-15
 4.42369e+16	1.76e-04	1.00e+00	1.54e-15
 4.64064e+16	1.90e-04	1.00e+00	1.78e-15
 4.86627e+16	2.06e-04	1.00e+00	2.07e-15
 5.10092e+16	2.23e-04	1.00e+00	2.41e-15
 5.34495e+16	2.41e-04	1.00e+00	2.81e-15
 5.59875e+16	2.60e-04	1.00e+00	3.28e-15
 5.86270e+16	2.82e-04	1.00e+00	3.82e-15
 6.13721e+16	3.06e-04	1.00e+00	4.48e-15
 6.42270e+16	3.31e-04	1.00e+00	5.26e-15
 6.71961e+16	3.59e-04	1.00e+00	6.18e-15
 7.02839e+16	3.89e-04	1.00e+00	7.25e-15
 7.34953e+16	4.23e-04	1.00e+00	8.56e-15
 7.68351e+16	4.60e-04	1.00e+00	1.01e-14
 8.02259e+16	5.00e-04	1.00e+00	1.19e-14
 8.37524e+16	5.44e-04	9.99e-01	1.41e-14
 8.73969e+16	5.93e-04	9.99e-01	1.67e-14
 9.09437e+16	6.44e-04	9.99e-01	1.96e-14
 9.47380e+16	7.04e-04	9.99e-01	2.33e-14
 9.87374e+16	7.71e-04	9.99e-01	2.77e-14
 1.02465e+17	8.40e-04	9.99e-01	3.26e-14
 1.05639e+17	9.03e-04	9.99e-01	3.73e-14
 1.08296e+17	9.60e-04	9.99e-01	4.18e-14
 1.11208e+17	1.03e-03	9.99e-01	4.77e-14
 1.14405e+17	1.11e-03	9.99e-01	5.49e-14
 1.17227e+17	1.19e-03	9.99e-01	6.21e-14
 1.19632e+17	1.27e-03	9.99e-01	6.92e-14
 1.21715e+17	1.34e-03	9.99e-01	7.58e-14
 1.23488e+17	1.40e-03	9.99e-01	8.23e-14
 1.25049e+17	1.46e-03	9.99e-01	8.85e-14
 1.26452e+17	1.52e-03	9.98e-01	9.45e-14
 1.27727e+17	1.58e-03	9.98e-01	1.00e-13
 1.28867e+17	1.63e-03	9.98e-01	1.06e-13
 1.29857e+17	1.67e-03	9.98e-01	1.11e-13
 1.30721e+17	1.71e-03	9.98e-01	1.16e-13
 1.31489e+17	1.75e-03	9.98e-01	1.20e-13
 1.32182e+17	1.79e-03	9.98e-01	1.24e-13
 1.32808e+17	1.82e-03	9.98e-01	1.28e-13
 1.33370e+17	1.84e-03	9.98e-01	1.31e-13
 1.33875e+17	1.87e-03	9.98e-01	1.34e-13
 1.34333e+17	1.89e-03	9.98e-01	1.37e-13
 1.34758e+17	1.91e-03	9.98e-01	1.40e-13
 1.35157e+17	1.92e-03	9.98e-01	1.42e-13
 1.35535e+17	1.94e-03	9.98e-01	1.44e-13
 1.35901e+17	1.95e-03	9.98e-01	1.47e-13
 1.36316e+17	1.97e-03	9.98e-01	1.49e-13
 1.36773e+17	1.99e-03	9.98e-01	1.52e-13
 1.37212e+17	2.00e-03	9.98e-01	1.55e-13
 1.37711e+17	2.02e-03	9.98e-01	1.59e-13
 1.38360e+17	2.06e-03	9.98e-01	1.64e-13
 1.39203e+17	2.11e-03	9.98e-01	1.72e-13
 1.40299e+17	2.19e-03	9.98e-01	1.82e-13
 1.41724e+17	2.30e-03	9.98e-01	1.97e-13
 1.43577e+17	2.46e-03	9.98e-01	2.18e-13
 1.45985e+17	2.70e-03	9.97e-01	2.50e-13
 1.49116e+17	3.06e-03	9.97e-01	3.01e-13
 1.52620e+17	3.57e-03	9.96e-01	3.72e-13
 1.55732e+17	4.15e-03	9.96e-01	4.54e-13
 1.58229e+17	4.76e-03	9.95e-01	5.40e-13
 1.60392e+17	5.41e-03	9.95e-01	6.35e-13
 1.62796e+17	6.32e-03	9.94e-01	7.73e-13
 1.65276e+17	7.58e-03	9.92e-01	9.61e-13
 1.67208e+17	8.92e-03	9.91e-01	1.16e-12
 1.68717e+17	1.03e-02	9.90e-01	1.37e-12
 1.69952e+17	1.17e-02	9.88e-01	1.58e-12
 1.70979e+17	1.32e-02	9.87e-01	1.81e-12
 1.72102e+17	1.52e-02	9.85e-01	2.12e-12
 1.73305e+17	1.79e-02	9.82e-01	2.55e-12
 1.74336e+17	2.11e-02	9.79e-01	3.04e-12
 1.75208e+17	2.47e-02	9.75e-01	3.61e-12
 1.76010e+17	2.90e-02	9.71e-01	4.29e-12
 1.76763e+17	3.45e-02	9.66e-01	5.16e-12
 1.77458e+17	4.13e-02	9.59e-01	6.24e-12
 1.78112e+17	5.00e-02	9.50e-01	7.69e-12
 1.78652e+17	6.00e-02	9.40e-01	9.35e-12
 1.79044e+17	6.94e-02	9.31e-01	1.09e-11
 1.79373e+17	7.95e-02	9.20e-01	1.27e-11
 1.79744e+17	9.41e-02	9.06e-01	1.54e-11
 1.80125e+17	1.14e-01	8.86e-01	1.93e-11
 1.80417e+17	1.35e-01	8.65e-01	2.34e-11
 1.80638e+17	1.55e-01	8.45e-01	2.78e-11
 1.80869e+17	1.81e-01	8.19e-01	3.39e-11
 1.81116e+17	2.16e-01	7.84e-01	4.30e-11
 1.81336e+17	2.56e-01	7.44e-01	5.48e-11
 1.81517e+17	2.97e-01	7.03e-01	6.86e-11
 1.81647e+17	3.31e-01	6.69e-01	8.19e-11
 1.81742e+17	3.59e-01	6.41e-01	9.36e-11
 1.81822e+17	3.85e-01	6.15e-01	1.06e-10
 1.81899e+17	4.10e-01	5.90e-01	1.20e-10
 1.81972e+17	4.36e-01	5.64e-01	1.35e-10
 1.82036e+17	4.60e-01	5.40e-01	1.51e-10
 1.82094e+17	4.82e-01	5.18e-01	1.67e-10
 1.82148e+17	5.03e-01	4.97e-01	1.84e-10
 1.82199e+17	5.24e-01	4.76e-01	2.02e-10
 1.82247e+17	5.43e-01	4.57e-01	2.21e-10
 1.82286e+17	5.58e-01	4.42e-01	2.37e-10
 1.82315e+17	5.70e-01	4.30e-01	2.51e-10
 1.82342e+17	5.81e-01	4.19e-01	2.64e-10
 1.82372e+17	5.94e-01	4.06e-01	2.80e-10
 1.82403e+17	6.07e-01	3.93e-01	2.99e-10
 1.82434e+17	6.19e-01	3.81e-01	3.17e-10
 1.82463e+17	6.31e-01	3.69e-01	3.35e-10
 1.82492e+17	6.43e-01	3.57e-01	3.58e-10
 1.82521e+17	6.55e-01	3.45e-01	3.78e-10
 1.82550e+17	6.67e-01	3.33e-01	4.03e-10
 1.82578e+17	6.77e-01	3.23e-01	4.24e-10
 1.82607e+17	6.89e-01	3.11e-01	4.52e-10
 1.82636e+17	7.00e-01	3.00e-01	4.81e-10
 1.82664e+17	7.11e-01	2.89e-01	5.09e-10
 1.82691e+17	7.21e-01	2.79e-01	5.38e-10
 1.82719e+17	7.32e-01	2.68e-01	5.74e-10
 1.82747e+17	7.41e-01	2.59e-01	6.06e-10
 1.82774e+17	7.51e-01	2.49e-01	6.44e-10
 1.82802e+17	7.61e-01	2.39e-01	6.84e-10
 1.82829e+17	7.70e-01	2.30e-01	7.25e-10
 1.82856e+17	7.79e-01	2.21e-01	7.69e-10
 1.82883e+17	7.88e-01	2.12e-01	8.15e-10
 1.82909e+17	7.96e-01	2.04e-01	8.63e-10
 1.82936e+17	8.04e-01	1.96e-01	9.14e-10
 1.82961e+17	8.11e-01	1.89e-01	9.67e-10
 1.82987e+17	8.19e-01	1.81e-01	1.03e-09
 1.83012e+17	8.26e-01	1.74e-01	1.08e-09
 1.83037e+17	8.33e-01	1.67e-01	1.15e-09
 1.83061e+17	8.39e-01	1.61e-01	1.21e-09
 1.83086e+17	8.45e-01	1.55e-01	1.28e-09
 1.83110e+17	8.52e-01	1.48e-01	1.36e-09
 1.83134e+17	8.57e-01	1.43e-01	1.44e-09
 1.83157e+17	8.63e-01	1.37e-01	1.52e-09
 1.83181e+17	8.68e-01	1.32e-01	1.62e-09
 1.83204e+17	8.73e-01	1.27e-01	1.70e-09
 1.83227e+17	8.78e-01	1.22e-01	1.81e-09
 1.83250e+17	8.83e-01	1.17e-01	1.93e-09
 1.83273e+17	8.88e-01	1.12e-01	2.04e-09
 1.83296e+17	8.92e-01	1.08e-01	2.17e-09
 1.83318e+17	8.96e-01	1.04e-01	2.31e-09
 1.83340e+17	9.00e-01	9.97e-02	2.46e-09
 1.83362e+17	9.04e-01	9.57e-02	2.65e-09
 1.83384e+17	9.08e-01	9.21e-02	2.83e-09
 1.83406e+17	9.12e-01	8.85e-02	3.02e-09
 1.83428e+17	9.15e-01	8.50e-02	3.24e-09
 1.83449e+17	9.18e-01	8.17e-02	3.49e-09
 1.83470e+17	9.21e-01	7.85e-02	3.75e-09
 1.83491e+17	9.24e-01	7.55e-02	4.02e-09
 1.83512e+17	9.28e-01	7.25e-02	4.38e-09
 1.83533e+17	9.30e-01	6.96e-02	4.76e-09
 1.83554e+17	9.33e-01	6.69e-02	5.19e-09
 1.83574e+17	9.36e-01	6.43e-02	5.68e-09
 1.83594e+17	9.38e-01	6.18e-02	6.26e-09
 1.83613e+17	9.41e-01	5.93e-02	6.94e-09
 1.83633e+17	9.43e-01	5.70e-02	7.73e-09
 1.83652e+17	9.45e-01	5.47e-02	8.65e-09
 1.83671e+17	9.47e-01	5.26e-02	9.69e-09
 1.83688e+17	9.49e-01	5.07e-02	1.08e-08
 1.83704e+17	9.51e-01	4.89e-02	1.21e-08
 1.83720e+17	9.53e-01	4.72e-02	1.35e-08
 1.83735e+17	9.54e-01	4.56e-02	1.50e-08
 1.83750e+17	9.56e-01	4.40e-02	1.66e-08
 1.83764e+17	9.58e-01	4.24e-02	1.85e-08
 1.83779e+17	9.59e-01	4.09e-02	2.05e-08
 1.83793e+17	9.61e-01	3.94e-02	2.25e-08
 1.83806e+17	9.62e-01	3.81e-02	2.43e-08
 1.83818e+17	9.63e-01	3.69e-02	2.58e-08
 1.83829e+17	9.64e-01	3.59e-02	2.70e-08
