#depth	O	O+	O+2	O+3	O+4	O+5	O+6	O+7	O+8	O[1]	O[2]	O[3]
 3.77862e+11	2.46e-08	8.51e-03	9.67e-01	2.41e-02	0.00e+00	0.00e+00	0.00e+00	0.00e+00	0.00e+00	1.56e-08	6.33e-09	2.67e-09
 2.26717e+12	2.46e-08	8.51e-03	9.67e-01	2.41e-02	2.66e-08	0.00e+00	0.00e+00	0.00e+00	0.00e+00	1.56e-08	6.34e-09	2.67e-09
 9.82440e+12	2.48e-08	8.53e-03	9.68e-01	2.40e-02	0.00e+00	0.00e+00	0.00e+00	0.00e+00	0.00e+00	1.57e-08	6.37e-09	2.68e-09
 4.00533e+13	2.51e-08	8.59e-03	9.68e-01	2.35e-02	0.00e+00	0.00e+00	0.00e+00	0.00e+00	0.00e+00	1.59e-08	6.45e-09	2.72e-09
 9.56746e+13	2.57e-08	8.70e-03	9.68e-01	2.29e-02	0.00e+00	0.00e+00	0.00e+00	0.00e+00	0.00e+00	1.63e-08	6.59e-09	2.79e-09
 1.67982e+14	2.66e-08	8.84e-03	9.69e-01	2.21e-02	0.00e+00	0.00e+00	0.00e+00	0.00e+00	0.00e+00	1.69e-08	6.80e-09	2.88e-09
 2.61982e+14	2.76e-08	9.01e-03	9.70e-01	2.10e-02	0.00e+00	0.00e+00	0.00e+00	0.00e+00	0.00e+00	1.76e-08	7.05e-09	3.00e-09
 3.84182e+14	2.90e-08	9.24e-03	9.71e-01	1.98e-02	0.00e+00	0.00e+00	0.00e+00	0.00e+00	0.00e+00	1.85e-08	7.38e-09	3.16e-09
 5.43042e+14	3.10e-08	9.54e-03	9.72e-01	1.83e-02	0.00e+00	0.00e+00	0.00e+00	0.00e+00	0.00e+00	1.98e-08	7.83e-09	3.37e-09
 7.49560e+14	3.36e-08	9.93e-03	9.74e-01	1.65e-02	0.00e+00	0.00e+00	0.00e+00	0.00e+00	0.00e+00	2.15e-08	8.43e-09	3.66e-09
 1.01803e+15	3.72e-08	1.04e-02	9.75e-01	1.44e-02	0.00e+00	0.00e+00	0.00e+00	0.00e+00	0.00e+00	2.39e-08	9.25e-09	4.06e-09
 1.36705e+15	4.23e-08	1.11e-02	9.77e-01	1.20e-02	0.00e+00	0.00e+00	0.00e+00	0.00e+00	0.00e+00	2.73e-08	1.04e-08	4.62e-09
 1.79560e+15	4.92e-08	1.20e-02	9.78e-01	9.70e-03	0.00e+00	0.00e+00	0.00e+00	0.00e+00	0.00e+00	3.19e-08	1.19e-08	5.39e-09
 2.26743e+15	5.78e-08	1.30e-02	9.79e-01	7.65e-03	0.00e+00	0.00e+00	0.00e+00	0.00e+00	0.00e+00	3.77e-08	1.38e-08	6.34e-09
 2.75812e+15	6.79e-08	1.41e-02	9.80e-01	5.98e-03	0.00e+00	0.00e+00	0.00e+00	0.00e+00	0.00e+00	4.46e-08	1.59e-08	7.45e-09
 3.26845e+15	7.97e-08	1.52e-02	9.80e-01	4.63e-03	0.00e+00	0.00e+00	0.00e+00	0.00e+00	0.00e+00	5.27e-08	1.83e-08	8.74e-09
 3.79919e+15	9.36e-08	1.65e-02	9.80e-01	3.54e-03	0.00e+00	0.00e+00	0.00e+00	0.00e+00	0.00e+00	6.22e-08	2.11e-08	1.02e-08
 4.35116e+15	1.10e-07	1.78e-02	9.79e-01	2.69e-03	0.00e+00	0.00e+00	0.00e+00	0.00e+00	0.00e+00	7.36e-08	2.43e-08	1.20e-08
 4.92520e+15	1.29e-07	1.93e-02	9.79e-01	2.02e-03	0.00e+00	0.00e+00	0.00e+00	0.00e+00	0.00e+00	8.71e-08	2.79e-08	1.40e-08
 5.52221e+15	1.51e-07	2.09e-02	9.78e-01	1.51e-03	0.00e+00	0.00e+00	0.00e+00	0.00e+00	0.00e+00	1.03e-07	3.20e-08	1.64e-08
 6.11789e+15	1.77e-07	2.25e-02	9.76e-01	1.13e-03	0.00e+00	0.00e+00	0.00e+00	0.00e+00	0.00e+00	1.21e-07	3.65e-08	1.90e-08
 6.72968e+15	2.06e-07	2.42e-02	9.75e-01	8.37e-04	0.00e+00	0.00e+00	0.00e+00	0.00e+00	0.00e+00	1.42e-07	4.17e-08	2.20e-08
 7.39115e+15	2.41e-07	2.62e-02	9.73e-01	6.10e-04	0.00e+00	0.00e+00	0.00e+00	0.00e+00	0.00e+00	1.68e-07	4.77e-08	2.56e-08
 8.08679e+15	2.84e-07	2.83e-02	9.71e-01	4.38e-04	0.00e+00	0.00e+00	0.00e+00	0.00e+00	0.00e+00	1.99e-07	5.47e-08	2.98e-08
 8.81027e+15	3.33e-07	3.06e-02	9.69e-01	3.12e-04	0.00e+00	0.00e+00	0.00e+00	0.00e+00	0.00e+00	2.36e-07	6.27e-08	3.46e-08
 9.56268e+15	3.92e-07	3.30e-02	9.67e-01	2.20e-04	0.00e+00	0.00e+00	0.00e+00	0.00e+00	0.00e+00	2.79e-07	7.19e-08	4.01e-08
 1.03452e+16	4.60e-07	3.57e-02	9.64e-01	1.54e-04	0.00e+00	0.00e+00	0.00e+00	0.00e+00	0.00e+00	3.31e-07	8.24e-08	4.66e-08
 1.11590e+16	5.41e-07	3.85e-02	9.61e-01	1.07e-04	0.00e+00	0.00e+00	0.00e+00	0.00e+00	0.00e+00	3.92e-07	9.45e-08	5.40e-08
 1.20054e+16	6.36e-07	4.16e-02	9.58e-01	7.32e-05	0.00e+00	0.00e+00	0.00e+00	0.00e+00	0.00e+00	4.65e-07	1.08e-07	6.26e-08
 1.28856e+16	7.47e-07	4.49e-02	9.55e-01	4.98e-05	0.00e+00	0.00e+00	0.00e+00	0.00e+00	0.00e+00	5.50e-07	1.24e-07	7.25e-08
 1.38010e+16	8.79e-07	4.85e-02	9.51e-01	3.35e-05	0.00e+00	0.00e+00	0.00e+00	0.00e+00	0.00e+00	6.52e-07	1.43e-07	8.41e-08
 1.47530e+16	1.03e-06	5.23e-02	9.48e-01	2.24e-05	0.00e+00	0.00e+00	0.00e+00	0.00e+00	0.00e+00	7.71e-07	1.64e-07	9.74e-08
 1.57431e+16	1.22e-06	5.65e-02	9.43e-01	1.48e-05	0.00e+00	0.00e+00	0.00e+00	0.00e+00	0.00e+00	9.13e-07	1.89e-07	1.13e-07
 1.67729e+16	1.43e-06	6.09e-02	9.39e-01	9.70e-06	0.00e+00	0.00e+00	0.00e+00	0.00e+00	0.00e+00	1.08e-06	2.18e-07	1.31e-07
 1.78438e+16	1.68e-06	6.57e-02	9.34e-01	6.32e-06	0.00e+00	0.00e+00	0.00e+00	0.00e+00	0.00e+00	1.28e-06	2.51e-07	1.52e-07
 1.89575e+16	1.98e-06	7.09e-02	9.29e-01	4.09e-06	0.00e+00	0.00e+00	0.00e+00	0.00e+00	0.00e+00	1.51e-06	2.90e-07	1.77e-07
 2.01158e+16	2.33e-06	7.64e-02	9.24e-01	2.63e-06	0.00e+00	0.00e+00	0.00e+00	0.00e+00	0.00e+00	1.79e-06	3.35e-07	2.06e-07
 2.13205e+16	2.74e-06	8.23e-02	9.18e-01	1.69e-06	0.00e+00	0.00e+00	0.00e+00	0.00e+00	0.00e+00	2.11e-06	3.88e-07	2.40e-07
 2.25733e+16	3.23e-06	8.87e-02	9.11e-01	1.09e-06	0.00e+00	0.00e+00	0.00e+00	0.00e+00	0.00e+00	2.50e-06	4.49e-07	2.80e-07
 2.38762e+16	3.81e-06	9.56e-02	9.04e-01	7.08e-07	0.00e+00	0.00e+00	0.00e+00	0.00e+00	0.00e+00	2.96e-06	5.20e-07	3.27e-07
 2.52313e+16	4.48e-06	1.03e-01	8.97e-01	0.00e+00	0.00e+00	0.00e+00	0.00e+00	0.00e+00	0.00e+00	3.50e-06	6.03e-07	3.82e-07
 2.66405e+16	5.29e-06	1.11e-01	8.89e-01	0.00e+00	0.00e+00	0.00e+00	0.00e+00	0.00e+00	0.00e+00	4.14e-06	7.00e-07	4.47e-07
 2.81061e+16	6.23e-06	1.19e-01	8.81e-01	0.00e+00	0.00e+00	0.00e+00	0.00e+00	0.00e+00	0.00e+00	4.89e-06	8.13e-07	5.23e-07
 2.96304e+16	7.34e-06	1.28e-01	8.72e-01	0.00e+00	0.00e+00	0.00e+00	0.00e+00	0.00e+00	0.00e+00	5.79e-06	9.45e-07	6.12e-07
 3.12156e+16	8.66e-06	1.38e-01	8.62e-01	0.00e+00	0.00e+00	0.00e+00	0.00e+00	0.00e+00	0.00e+00	6.84e-06	1.10e-06	7.18e-07
 3.28642e+16	1.02e-05	1.48e-01	8.52e-01	0.00e+00	0.00e+00	0.00e+00	0.00e+00	0.00e+00	0.00e+00	8.09e-06	1.28e-06	8.43e-07
 3.45788e+16	1.21e-05	1.59e-01	8.41e-01	0.00e+00	0.00e+00	0.00e+00	0.00e+00	0.00e+00	0.00e+00	9.57e-06	1.49e-06	9.91e-07
 3.63620e+16	1.42e-05	1.71e-01	8.29e-01	0.00e+00	0.00e+00	0.00e+00	0.00e+00	0.00e+00	0.00e+00	1.13e-05	1.74e-06	1.16e-06
 3.82164e+16	1.68e-05	1.83e-01	8.17e-01	0.00e+00	0.00e+00	0.00e+00	0.00e+00	0.00e+00	0.00e+00	1.34e-05	2.03e-06	1.37e-06
 4.01451e+16	1.98e-05	1.97e-01	8.03e-01	0.00e+00	0.00e+00	0.00e+00	0.00e+00	0.00e+00	0.00e+00	1.58e-05	2.37e-06	1.61e-06
 4.21509e+16	2.34e-05	2.11e-01	7.89e-01	0.00e+00	0.00e+00	0.00e+00	0.00e+00	0.00e+00	0.00e+00	1.87e-05	2.77e-06	1.90e-06
 4.42369e+16	2.76e-05	2.26e-01	7.74e-01	0.00e+00	0.00e+00	0.00e+00	0.00e+00	0.00e+00	0.00e+00	2.21e-05	3.23e-06	2.23e-06
 4.64064e+16	3.26e-05	2.42e-01	7.58e-01	0.00e+00	0.00e+00	0.00e+00	0.00e+00	0.00e+00	0.00e+00	2.62e-05	3.78e-06	2.63e-06
 4.86627e+16	3.85e-05	2.59e-01	7.41e-01	0.00e+00	0.00e+00	0.00e+00	0.00e+00	0.00e+00	0.00e+00	3.10e-05	4.42e-06	3.09e-06
 5.10092e+16	4.55e-05	2.78e-01	7.22e-01	0.00e+00	0.00e+00	0.00e+00	0.00e+00	0.00e+00	0.00e+00	3.66e-05	5.18e-06	3.64e-06
 5.34495e+16	5.37e-05	2.97e-01	7.03e-01	0.00e+00	0.00e+00	0.00e+00	0.00e+00	0.00e+00	0.00e+00	4.33e-05	6.06e-06	4.29e-06
 5.59875e+16	6.33e-05	3.17e-01	6.83e-01	0.00e+00	0.00e+00	0.00e+00	0.00e+00	0.00e+00	0.00e+00	5.12e-05	7.10e-06	5.04e-06
 5.86270e+16	7.48e-05	3.39e-01	6.61e-01	0.00e+00	0.00e+00	0.00e+00	0.00e+00	0.00e+00	0.00e+00	6.05e-05	8.32e-06	5.93e-06
 6.13721e+16	8.83e-05	3.62e-01	6.38e-01	0.00e+00	0.00e+00	0.00e+00	0.00e+00	0.00e+00	0.00e+00	7.15e-05	9.76e-06	6.99e-06
 6.42270e+16	1.04e-04	3.86e-01	6.14e-01	0.00e+00	0.00e+00	0.00e+00	0.00e+00	0.00e+00	0.00e+00	8.46e-05	1.15e-05	8.22e-06
 6.71961e+16	1.23e-04	4.11e-01	5.89e-01	0.00e+00	0.00e+00	0.00e+00	0.00e+00	0.00e+00	0.00e+00	1.00e-04	1.34e-05	9.67e-06
 7.02839e+16	1.45e-04	4.38e-01	5.62e-01	0.00e+00	0.00e+00	0.00e+00	0.00e+00	0.00e+00	0.00e+00	1.18e-04	1.58e-05	1.14e-05
 7.34953e+16	1.72e-04	4.66e-01	5.34e-01	0.00e+00	0.00e+00	0.00e+00	0.00e+00	0.00e+00	0.00e+00	1.40e-04	1.85e-05	1.34e-05
 7.68351e+16	2.03e-04	4.96e-01	5.04e-01	0.00e+00	0.00e+00	0.00e+00	0.00e+00	0.00e+00	0.00e+00	1.65e-04	2.18e-05	1.58e-05
 8.02259e+16	2.38e-04	5.26e-01	4.73e-01	0.00e+00	0.00e+00	0.00e+00	0.00e+00	0.00e+00	0.00e+00	1.94e-04	2.55e-05	1.85e-05
 8.37524e+16	2.81e-04	5.58e-01	4.41e-01	0.00e+00	0.00e+00	0.00e+00	0.00e+00	0.00e+00	0.00e+00	2.29e-04	2.99e-05	2.17e-05
 8.73969e+16	3.31e-04	5.91e-01	4.08e-01	0.00e+00	0.00e+00	0.00e+00	0.00e+00	0.00e+00	0.00e+00	2.70e-04	3.50e-05	2.55e-05
 9.09437e+16	3.86e-04	6.24e-01	3.76e-01	0.00e+00	0.00e+00	0.00e+00	0.00e+00	0.00e+00	0.00e+00	3.15e-04	4.07e-05	2.97e-05
 9.47380e+16	4.53e-04	6.58e-01	3.41e-01	0.00e+00	0.00e+00	0.00e+00	0.00e+00	0.00e+00	0.00e+00	3.71e-04	4.76e-05	3.48e-05
 9.87374e+16	5.34e-04	6.95e-01	3.05e-01	0.00e+00	0.00e+00	0.00e+00	0.00e+00	0.00e+00	0.00e+00	4.37e-04	5.58e-05	4.08e-05
 1.02465e+17	6.20e-04	7.28e-01	2.71e-01	0.00e+00	0.00e+00	0.00e+00	0.00e+00	0.00e+00	0.00e+00	5.08e-04	6.46e-05	4.73e-05
 1.05639e+17	7.01e-04	7.57e-01	2.43e-01	0.00e+00	0.00e+00	0.00e+00	0.00e+00	0.00e+00	0.00e+00	5.75e-04	7.29e-05	5.34e-05
 1.08296e+17	7.78e-04	7.80e-01	2.19e-01	0.00e+00	0.00e+00	0.00e+00	0.00e+00	0.00e+00	0.00e+00	6.38e-04	8.06e-05	5.91e-05
 1.11208e+17	8.71e-04	8.05e-01	1.94e-01	0.00e+00	0.00e+00	0.00e+00	0.00e+00	0.00e+00	0.00e+00	7.15e-04	9.01e-05	6.60e-05
 1.14405e+17	9.85e-04	8.32e-01	1.67e-01	0.00e+00	0.00e+00	0.00e+00	0.00e+00	0.00e+00	0.00e+00	8.09e-04	1.02e-04	7.45e-05
 1.17227e+17	1.10e-03	8.56e-01	1.43e-01	0.00e+00	0.00e+00	0.00e+00	0.00e+00	0.00e+00	0.00e+00	9.01e-04	1.13e-04	8.28e-05
 1.19632e+17	1.20e-03	8.75e-01	1.23e-01	0.00e+00	0.00e+00	0.00e+00	0.00e+00	0.00e+00	0.00e+00	9.88e-04	1.23e-04	9.06e-05
 1.21715e+17	1.30e-03	8.92e-01	1.06e-01	0.00e+00	0.00e+00	0.00e+00	0.00e+00	0.00e+00	0.00e+00	1.07e-03	1.33e-04	9.78e-05
 1.23488e+17	1.39e-03	9.06e-01	9.24e-02	0.00e+00	0.00e+00	0.00e+00	0.00e+00	0.00e+00	0.00e+00	1.15e-03	1.42e-04	1.05e-04
 1.25049e+17	1.48e-03	9.18e-01	8.01e-02	0.00e+00	0.00e+00	0.00e+00	0.00e+00	0.00e+00	0.00e+00	1.22e-03	1.51e-04	1.11e-04
 1.26452e+17	1.56e-03	9.29e-01	6.93e-02	0.00e+00	0.00e+00	0.00e+00	0.00e+00	0.00e+00	0.00e+00	1.29e-03	1.59e-04	1.17e-04
 1.27727e+17	1.64e-03	9.39e-01	5.96e-02	0.00e+00	0.00e+00	0.00e+00	0.00e+00	0.00e+00	0.00e+00	1.35e-03	1.67e-04	1.23e-04
 1.28867e+17	1.72e-03	9.47e-01	5.10e-02	0.00e+00	0.00e+00	0.00e+00	0.00e+00	0.00e+00	0.00e+00	1.41e-03	1.75e-04	1.28e-04
 1.29857e+17	1.78e-03	9.55e-01	4.35e-02	0.00e+00	0.00e+00	0.00e+00	0.00e+00	0.00e+00	0.00e+00	1.47e-03	1.81e-04	1.33e-04
 1.30721e+17	1.84e-03	9.61e-01	3.71e-02	0.00e+00	0.00e+00	0.00e+00	0.00e+00	0.00e+00	0.00e+00	1.52e-03	1.87e-04	1.38e-04
 1.31489e+17	1.90e-03	9.67e-01	3.15e-02	0.00e+00	0.00e+00	0.00e+00	0.00e+00	0.00e+00	0.00e+00	1.57e-03	1.93e-04	1.42e-04
 1.32182e+17	1.95e-03	9.72e-01	2.65e-02	0.00e+00	0.00e+00	0.00e+00	0.00e+00	0.00e+00	0.00e+00	1.61e-03	1.98e-04	1.45e-04
 1.32808e+17	2.00e-03	9.76e-01	2.21e-02	0.00e+00	0.00e+00	0.00e+00	0.00e+00	0.00e+00	0.00e+00	1.65e-03	2.03e-04	1.49e-04
 1.33370e+17	2.04e-03	9.80e-01	1.83e-02	0.00e+00	0.00e+00	0.00e+00	0.00e+00	0.00e+00	0.00e+00	1.68e-03	2.07e-04	1.52e-04
 1.33875e+17	2.07e-03	9.83e-01	1.50e-02	0.00e+00	0.00e+00	0.00e+00	0.00e+00	0.00e+00	0.00e+00	1.71e-03	2.10e-04	1.55e-04
 1.34333e+17	2.10e-03	9.86e-01	1.23e-02	0.00e+00	0.00e+00	0.00e+00	0.00e+00	0.00e+00	0.00e+00	1.73e-03	2.13e-04	1.57e-04
 1.34758e+17	2.13e-03	9.88e-01	9.86e-03	0.00e+00	0.00e+00	0.00e+00	0.00e+00	0.00e+00	0.00e+00	1.76e-03	2.16e-04	1.59e-04
 1.35157e+17	2.16e-03	9.90e-01	7.82e-03	0.00e+00	0.00e+00	0.00e+00	0.00e+00	0.00e+00	0.00e+00	1.78e-03	2.18e-04	1.61e-04
 1.35535e+17	2.18e-03	9.92e-01	6.10e-03	0.00e+00	0.00e+00	0.00e+00	0.00e+00	0.00e+00	0.00e+00	1.80e-03	2.21e-04	1.62e-04
 1.35901e+17	2.20e-03	9.93e-01	4.68e-03	0.00e+00	0.00e+00	0.00e+00	0.00e+00	0.00e+00	0.00e+00	1.82e-03	2.23e-04	1.64e-04
 1.36316e+17	2.22e-03	9.94e-01	3.38e-03	0.00e+00	0.00e+00	0.00e+00	0.00e+00	0.00e+00	0.00e+00	1.83e-03	2.25e-04	1.66e-04
 1.36773e+17	2.25e-03	9.95e-01	2.29e-03	0.00e+00	0.00e+00	0.00e+00	0.00e+00	0.00e+00	0.00e+00	1.85e-03	2.27e-04	1.67e-04
 1.37212e+17	2.27e-03	9.96e-01	1.54e-03	0.00e+00	0.00e+00	0.00e+00	0.00e+00	0.00e+00	0.00e+00	1.87e-03	2.29e-04	1.69e-04
 1.37711e+17	2.30e-03	9.97e-01	9.78e-04	0.00e+00	0.00e+00	0.00e+00	0.00e+00	0.00e+00	0.00e+00	1.89e-03	2.32e-04	1.71e-04
 1.38360e+17	2.34e-03	9.97e-01	5.46e-04	0.00e+00	0.00e+00	0.00e+00	0.00e+00	0.00e+00	0.00e+00	1.93e-03	2.36e-04	1.74e-04
 1.39203e+17	2.40e-03	9.97e-01	2.58e-04	0.00e+00	0.00e+00	0.00e+00	0.00e+00	0.00e+00	0.00e+00	1.98e-03	2.42e-04	1.78e-04
 1.40299e+17	2.50e-03	9.97e-01	1.00e-04	0.00e+00	0.00e+00	0.00e+00	0.00e+00	0.00e+00	0.00e+00	2.06e-03	2.51e-04	1.85e-04
 1.41724e+17	2.63e-03	9.97e-01	3.05e-05	0.00e+00	0.00e+00	0.00e+00	0.00e+00	0.00e+00	0.00e+00	2.17e-03	2.65e-04	1.95e-04
 1.43577e+17	2.83e-03	9.97e-01	7.03e-06	0.00e+00	0.00e+00	0.00e+00	0.00e+00	0.00e+00	0.00e+00	2.34e-03	2.84e-04	2.10e-04
 1.45985e+17	3.11e-03	9.97e-01	1.18e-06	0.00e+00	0.00e+00	0.00e+00	0.00e+00	0.00e+00	0.00e+00	2.57e-03	3.13e-04	2.31e-04
 1.49116e+17	3.55e-03	9.96e-01	1.40e-07	0.00e+00	0.00e+00	0.00e+00	0.00e+00	0.00e+00	0.00e+00	2.93e-03	3.57e-04	2.63e-04
 1.52620e+17	4.17e-03	9.96e-01	1.44e-08	0.00e+00	0.00e+00	0.00e+00	0.00e+00	0.00e+00	0.00e+00	3.44e-03	4.18e-04	3.08e-04
 1.55732e+17	4.88e-03	9.95e-01	2.13e-09	0.00e+00	0.00e+00	0.00e+00	0.00e+00	0.00e+00	0.00e+00	4.03e-03	4.89e-04	3.60e-04
 1.58229e+17	5.61e-03	9.94e-01	4.96e-10	0.00e+00	0.00e+00	0.00e+00	0.00e+00	0.00e+00	0.00e+00	4.63e-03	5.62e-04	4.14e-04
 1.60392e+17	6.40e-03	9.94e-01	1.45e-10	0.00e+00	0.00e+00	0.00e+00	0.00e+00	0.00e+00	0.00e+00	5.28e-03	6.42e-04	4.72e-04
 1.62796e+17	7.51e-03	9.92e-01	3.80e-11	0.00e+00	0.00e+00	0.00e+00	0.00e+00	0.00e+00	0.00e+00	6.20e-03	7.54e-04	5.54e-04
 1.65276e+17	9.04e-03	9.91e-01	9.54e-12	0.00e+00	0.00e+00	0.00e+00	0.00e+00	0.00e+00	0.00e+00	7.47e-03	9.08e-04	6.67e-04
 1.67208e+17	1.07e-02	9.89e-01	3.28e-12	0.00e+00	0.00e+00	0.00e+00	0.00e+00	0.00e+00	0.00e+00	8.82e-03	1.07e-03	7.88e-04
 1.68717e+17	1.24e-02	9.88e-01	1.43e-12	0.00e+00	0.00e+00	0.00e+00	0.00e+00	0.00e+00	0.00e+00	1.02e-02	1.24e-03	9.12e-04
 1.69952e+17	1.41e-02	9.86e-01	7.23e-13	0.00e+00	0.00e+00	0.00e+00	0.00e+00	0.00e+00	0.00e+00	1.16e-02	1.42e-03	1.04e-03
 1.70979e+17	1.59e-02	9.84e-01	4.07e-13	0.00e+00	0.00e+00	0.00e+00	0.00e+00	0.00e+00	0.00e+00	1.31e-02	1.60e-03	1.17e-03
 1.72102e+17	1.83e-02	9.82e-01	2.12e-13	0.00e+00	0.00e+00	0.00e+00	0.00e+00	0.00e+00	0.00e+00	1.51e-02	1.84e-03	1.35e-03
 1.73305e+17	2.17e-02	9.78e-01	1.06e-13	0.00e+00	0.00e+00	0.00e+00	0.00e+00	0.00e+00	0.00e+00	1.79e-02	2.18e-03	1.60e-03
 1.74336e+17	2.56e-02	9.74e-01	5.78e-14	0.00e+00	0.00e+00	0.00e+00	0.00e+00	0.00e+00	0.00e+00	2.12e-02	2.58e-03	1.89e-03
 1.75208e+17	3.00e-02	9.70e-01	3.41e-14	0.00e+00	0.00e+00	0.00e+00	0.00e+00	0.00e+00	0.00e+00	2.48e-02	3.02e-03	2.21e-03
 1.76010e+17	3.53e-02	9.65e-01	2.06e-14	0.00e+00	0.00e+00	0.00e+00	0.00e+00	0.00e+00	0.00e+00	2.91e-02	3.55e-03	2.60e-03
 1.76763e+17	4.19e-02	9.58e-01	1.26e-14	0.00e+00	0.00e+00	0.00e+00	0.00e+00	0.00e+00	0.00e+00	3.46e-02	4.21e-03	3.08e-03
 1.77458e+17	5.02e-02	9.50e-01	7.83e-15	0.00e+00	0.00e+00	0.00e+00	0.00e+00	0.00e+00	0.00e+00	4.15e-02	5.02e-03	3.68e-03
 1.78112e+17	6.08e-02	9.39e-01	4.87e-15	0.00e+00	0.00e+00	0.00e+00	0.00e+00	0.00e+00	0.00e+00	5.03e-02	6.06e-03	4.45e-03
 1.78652e+17	7.29e-02	9.27e-01	3.24e-15	0.00e+00	0.00e+00	0.00e+00	0.00e+00	0.00e+00	0.00e+00	6.03e-02	7.23e-03	5.31e-03
 1.79044e+17	8.41e-02	9.16e-01	2.36e-15	0.00e+00	0.00e+00	0.00e+00	0.00e+00	0.00e+00	0.00e+00	6.97e-02	8.31e-03	6.12e-03
 1.79373e+17	9.63e-02	9.04e-01	1.77e-15	0.00e+00	0.00e+00	0.00e+00	0.00e+00	0.00e+00	0.00e+00	7.99e-02	9.46e-03	6.98e-03
 1.79744e+17	1.14e-01	8.86e-01	1.24e-15	0.00e+00	0.00e+00	0.00e+00	0.00e+00	0.00e+00	0.00e+00	9.45e-02	1.11e-02	8.20e-03
 1.80125e+17	1.37e-01	8.63e-01	8.50e-16	0.00e+00	0.00e+00	0.00e+00	0.00e+00	0.00e+00	0.00e+00	1.14e-01	1.32e-02	9.83e-03
 1.80417e+17	1.62e-01	8.38e-01	6.20e-16	0.00e+00	0.00e+00	0.00e+00	0.00e+00	0.00e+00	0.00e+00	1.35e-01	1.53e-02	1.15e-02
 1.80638e+17	1.85e-01	8.15e-01	4.76e-16	0.00e+00	0.00e+00	0.00e+00	0.00e+00	0.00e+00	0.00e+00	1.55e-01	1.73e-02	1.30e-02
 1.80869e+17	2.15e-01	7.85e-01	3.51e-16	0.00e+00	0.00e+00	0.00e+00	0.00e+00	0.00e+00	0.00e+00	1.80e-01	1.97e-02	1.49e-02
 1.81116e+17	2.55e-01	7.45e-01	2.49e-16	0.00e+00	0.00e+00	0.00e+00	0.00e+00	0.00e+00	0.00e+00	2.14e-01	2.28e-02	1.74e-02
 1.81336e+17	3.00e-01	7.00e-01	1.78e-16	0.00e+00	0.00e+00	0.00e+00	0.00e+00	0.00e+00	0.00e+00	2.54e-01	2.59e-02	2.00e-02
 1.81517e+17	3.44e-01	6.56e-01	1.31e-16	0.00e+00	0.00e+00	0.00e+00	0.00e+00	0.00e+00	0.00e+00	2.93e-01	2.88e-02	2.25e-02
 1.81647e+17	3.81e-01	6.19e-01	1.04e-16	0.00e+00	0.00e+00	0.00e+00	0.00e+00	0.00e+00	0.00e+00	3.26e-01	3.09e-02	2.44e-02
 1.81742e+17	4.10e-01	5.90e-01	8.75e-17	0.00e+00	0.00e+00	0.00e+00	0.00e+00	0.00e+00	0.00e+00	3.52e-01	3.24e-02	2.58e-02
 1.81822e+17	4.37e-01	5.63e-01	7.47e-17	0.00e+00	0.00e+00	0.00e+00	0.00e+00	0.00e+00	0.00e+00	3.77e-01	3.37e-02	2.70e-02
 1.81899e+17	4.64e-01	5.36e-01	6.39e-17	0.00e+00	0.00e+00	0.00e+00	0.00e+00	0.00e+00	0.00e+00	4.01e-01	3.48e-02	2.81e-02
 1.81972e+17	4.91e-01	5.09e-01	5.50e-17	0.00e+00	0.00e+00	0.00e+00	0.00e+00	0.00e+00	0.00e+00	4.26e-01	3.58e-02	2.91e-02
 1.82036e+17	5.14e-01	4.86e-01	4.80e-17	0.00e+00	0.00e+00	0.00e+00	0.00e+00	0.00e+00	0.00e+00	4.48e-01	3.66e-02	3.00e-02
 1.82094e+17	5.37e-01	4.63e-01	4.23e-17	0.00e+00	0.00e+00	0.00e+00	0.00e+00	0.00e+00	0.00e+00	4.69e-01	3.72e-02	3.07e-02
 1.82148e+17	5.58e-01	4.42e-01	3.75e-17	0.00e+00	0.00e+00	0.00e+00	0.00e+00	0.00e+00	0.00e+00	4.89e-01	3.76e-02	3.13e-02
 1.82199e+17	5.78e-01	4.22e-01	3.34e-17	0.00e+00	0.00e+00	0.00e+00	0.00e+00	0.00e+00	0.00e+00	5.08e-01	3.80e-02	3.18e-02
 1.82247e+17	5.97e-01	4.03e-01	3.00e-17	0.00e+00	0.00e+00	0.00e+00	0.00e+00	0.00e+00	0.00e+00	5.26e-01	3.82e-02	3.22e-02
 1.82286e+17	6.11e-01	3.89e-01	2.75e-17	0.00e+00	0.00e+00	0.00e+00	0.00e+00	0.00e+00	0.00e+00	5.41e-01	3.84e-02	3.25e-02
 1.82315e+17	6.23e-01	3.77e-01	2.56e-17	0.00e+00	0.00e+00	0.00e+00	0.00e+00	0.00e+00	0.00e+00	5.52e-01	3.84e-02	3.27e-02
 1.82342e+17	6.33e-01	3.67e-01	2.41e-17	0.00e+00	0.00e+00	0.00e+00	0.00e+00	0.00e+00	0.00e+00	5.62e-01	3.85e-02	3.28e-02
 1.82372e+17	6.45e-01	3.55e-01	2.24e-17	0.00e+00	0.00e+00	0.00e+00	0.00e+00	0.00e+00	0.00e+00	5.74e-01	3.85e-02	3.29e-02
 1.82403e+17	6.58e-01	3.42e-01	2.08e-17	0.00e+00	0.00e+00	0.00e+00	0.00e+00	0.00e+00	0.00e+00	5.87e-01	3.85e-02	3.31e-02
 1.82434e+17	6.70e-01	3.30e-01	1.93e-17	0.00e+00	0.00e+00	0.00e+00	0.00e+00	0.00e+00	0.00e+00	5.98e-01	3.84e-02	3.31e-02
 1.82463e+17	6.81e-01	3.19e-01	1.80e-17	0.00e+00	0.00e+00	0.00e+00	0.00e+00	0.00e+00	0.00e+00	6.09e-01	3.83e-02	3.32e-02
 1.82492e+17	6.92e-01	3.08e-01	1.67e-17	0.00e+00	0.00e+00	0.00e+00	0.00e+00	0.00e+00	0.00e+00	6.21e-01	3.81e-02	3.32e-02
 1.82521e+17	7.03e-01	2.97e-01	1.56e-17	0.00e+00	0.00e+00	0.00e+00	0.00e+00	0.00e+00	0.00e+00	6.32e-01	3.80e-02	3.32e-02
 1.82550e+17	7.14e-01	2.86e-01	1.45e-17	0.00e+00	0.00e+00	0.00e+00	0.00e+00	0.00e+00	0.00e+00	6.43e-01	3.78e-02	3.31e-02
 1.82578e+17	7.24e-01	2.76e-01	1.35e-17	0.00e+00	0.00e+00	0.00e+00	0.00e+00	0.00e+00	0.00e+00	6.53e-01	3.76e-02	3.31e-02
 1.82607e+17	7.34e-01	2.66e-01	1.25e-17	0.00e+00	0.00e+00	0.00e+00	0.00e+00	0.00e+00	0.00e+00	6.64e-01	3.73e-02	3.30e-02
 1.82636e+17	7.45e-01	2.55e-01	1.17e-17	0.00e+00	0.00e+00	0.00e+00	0.00e+00	0.00e+00	0.00e+00	6.75e-01	3.70e-02	3.28e-02
 1.82664e+17	7.54e-01	2.46e-01	1.09e-17	0.00e+00	0.00e+00	0.00e+00	0.00e+00	0.00e+00	0.00e+00	6.85e-01	3.67e-02	3.27e-02
 1.82691e+17	7.63e-01	2.37e-01	1.01e-17	0.00e+00	0.00e+00	0.00e+00	0.00e+00	0.00e+00	0.00e+00	6.94e-01	3.64e-02	3.25e-02
 1.82719e+17	7.73e-01	2.27e-01	9.42e-18	0.00e+00	0.00e+00	0.00e+00	0.00e+00	0.00e+00	0.00e+00	7.05e-01	3.61e-02	3.23e-02
 1.82747e+17	7.82e-01	2.18e-01	8.79e-18	0.00e+00	0.00e+00	0.00e+00	0.00e+00	0.00e+00	0.00e+00	7.14e-01	3.57e-02	3.21e-02
 1.82774e+17	7.90e-01	2.10e-01	8.18e-18	0.00e+00	0.00e+00	0.00e+00	0.00e+00	0.00e+00	0.00e+00	7.23e-01	3.53e-02	3.19e-02
 1.82802e+17	7.99e-01	2.01e-01	7.62e-18	0.00e+00	0.00e+00	0.00e+00	0.00e+00	0.00e+00	0.00e+00	7.32e-01	3.50e-02	3.16e-02
 1.82829e+17	8.07e-01	1.93e-01	7.10e-18	0.00e+00	0.00e+00	0.00e+00	0.00e+00	0.00e+00	0.00e+00	7.41e-01	3.46e-02	3.14e-02
 1.82856e+17	8.15e-01	1.85e-01	6.62e-18	0.00e+00	0.00e+00	0.00e+00	0.00e+00	0.00e+00	0.00e+00	7.50e-01	3.42e-02	3.11e-02
 1.82883e+17	8.23e-01	1.77e-01	6.17e-18	0.00e+00	0.00e+00	0.00e+00	0.00e+00	0.00e+00	0.00e+00	7.58e-01	3.37e-02	3.08e-02
 1.82909e+17	8.30e-01	1.70e-01	5.76e-18	0.00e+00	0.00e+00	0.00e+00	0.00e+00	0.00e+00	0.00e+00	7.66e-01	3.33e-02	3.05e-02
 1.82936e+17	8.37e-01	1.63e-01	5.38e-18	0.00e+00	0.00e+00	0.00e+00	0.00e+00	0.00e+00	0.00e+00	7.74e-01	3.29e-02	3.02e-02
 1.82961e+17	8.43e-01	1.57e-01	5.03e-18	0.00e+00	0.00e+00	0.00e+00	0.00e+00	0.00e+00	0.00e+00	7.81e-01	3.25e-02	2.99e-02
 1.82987e+17	8.50e-01	1.50e-01	4.71e-18	0.00e+00	0.00e+00	0.00e+00	0.00e+00	0.00e+00	0.00e+00	7.88e-01	3.21e-02	2.95e-02
 1.83012e+17	8.56e-01	1.44e-01	4.41e-18	0.00e+00	0.00e+00	0.00e+00	0.00e+00	0.00e+00	0.00e+00	7.95e-01	3.16e-02	2.91e-02
 1.83037e+17	8.62e-01	1.38e-01	4.13e-18	0.00e+00	0.00e+00	0.00e+00	0.00e+00	0.00e+00	0.00e+00	8.02e-01	3.12e-02	2.88e-02
 1.83061e+17	8.67e-01	1.33e-01	3.87e-18	0.00e+00	0.00e+00	0.00e+00	0.00e+00	0.00e+00	0.00e+00	8.08e-01	3.08e-02	2.84e-02
 1.83086e+17	8.73e-01	1.27e-01	3.63e-18	0.00e+00	0.00e+00	0.00e+00	0.00e+00	0.00e+00	0.00e+00	8.14e-01	3.04e-02	2.80e-02
 1.83110e+17	8.78e-01	1.22e-01	3.41e-18	0.00e+00	0.00e+00	0.00e+00	0.00e+00	0.00e+00	0.00e+00	8.20e-01	3.00e-02	2.77e-02
 1.83134e+17	8.83e-01	1.17e-01	3.20e-18	0.00e+00	0.00e+00	0.00e+00	0.00e+00	0.00e+00	0.00e+00	8.26e-01	2.96e-02	2.73e-02
 1.83157e+17	8.88e-01	1.12e-01	3.01e-18	0.00e+00	0.00e+00	0.00e+00	0.00e+00	0.00e+00	0.00e+00	8.31e-01	2.92e-02	2.70e-02
 1.83181e+17	8.92e-01	1.08e-01	2.83e-18	0.00e+00	0.00e+00	0.00e+00	0.00e+00	0.00e+00	0.00e+00	8.37e-01	2.88e-02	2.66e-02
 1.83204e+17	8.96e-01	1.04e-01	2.66e-18	0.00e+00	0.00e+00	0.00e+00	0.00e+00	0.00e+00	0.00e+00	8.42e-01	2.84e-02	2.63e-02
 1.83227e+17	9.01e-01	9.94e-02	2.51e-18	0.00e+00	0.00e+00	0.00e+00	0.00e+00	0.00e+00	0.00e+00	8.47e-01	2.80e-02	2.59e-02
 1.83250e+17	9.05e-01	9.54e-02	2.36e-18	0.00e+00	0.00e+00	0.00e+00	0.00e+00	0.00e+00	0.00e+00	8.51e-01	2.77e-02	2.56e-02
 1.83273e+17	9.08e-01	9.16e-02	2.22e-18	0.00e+00	0.00e+00	0.00e+00	0.00e+00	0.00e+00	0.00e+00	8.56e-01	2.73e-02	2.53e-02
 1.83296e+17	9.12e-01	8.79e-02	2.10e-18	0.00e+00	0.00e+00	0.00e+00	0.00e+00	0.00e+00	0.00e+00	8.60e-01	2.70e-02	2.49e-02
 1.83318e+17	9.16e-01	8.43e-02	1.98e-18	0.00e+00	0.00e+00	0.00e+00	0.00e+00	0.00e+00	0.00e+00	8.64e-01	2.66e-02	2.46e-02
 1.83340e+17	9.19e-01	8.10e-02	1.87e-18	0.00e+00	0.00e+00	0.00e+00	0.00e+00	0.00e+00	0.00e+00	8.68e-01	2.63e-02	2.43e-02
 1.83362e+17	9.22e-01	7.76e-02	1.76e-18	0.00e+00	0.00e+00	0.00e+00	0.00e+00	0.00e+00	0.00e+00	8.72e-01	2.60e-02	2.40e-02
 1.83384e+17	9.25e-01	7.46e-02	1.66e-18	0.00e+00	0.00e+00	0.00e+00	0.00e+00	0.00e+00	0.00e+00	8.76e-01	2.56e-02	2.37e-02
 1.83406e+17	9.28e-01	7.16e-02	1.57e-18	0.00e+00	0.00e+00	0.00e+00	0.00e+00	0.00e+00	0.00e+00	8.80e-01	2.53e-02	2.34e-02
 1.83428e+17	9.31e-01	6.87e-02	1.49e-18	0.00e+00	0.00e+00	0.00e+00	0.00e+00	0.00e+00	0.00e+00	8.83e-01	2.50e-02	2.31e-02
 1.83449e+17	9.34e-01	6.60e-02	1.41e-18	0.00e+00	0.00e+00	0.00e+00	0.00e+00	0.00e+00	0.00e+00	8.86e-01	2.47e-02	2.28e-02
 1.83470e+17	9.37e-01	6.33e-02	1.33e-18	0.00e+00	0.00e+00	0.00e+00	0.00e+00	0.00e+00	0.00e+00	8.90e-01	2.45e-02	2.26e-02
 1.83491e+17	9.39e-01	6.08e-02	1.26e-18	0.00e+00	0.00e+00	0.00e+00	0.00e+00	0.00e+00	0.00e+00	8.93e-01	2.42e-02	2.23e-02
 1.83512e+17	9.42e-01	5.83e-02	1.19e-18	0.00e+00	0.00e+00	0.00e+00	0.00e+00	0.00e+00	0.00e+00	8.96e-01	2.39e-02	2.20e-02
 1.83533e+17	9.44e-01	5.60e-02	1.13e-18	0.00e+00	0.00e+00	0.00e+00	0.00e+00	0.00e+00	0.00e+00	8.99e-01	2.37e-02	2.18e-02
 1.83554e+17	9.46e-01	5.37e-02	1.07e-18	0.00e+00	0.00e+00	0.00e+00	0.00e+00	0.00e+00	0.00e+00	9.01e-01	2.34e-02	2.15e-02
 1.83574e+17	9.48e-01	5.16e-02	1.02e-18	0.00e+00	0.00e+00	0.00e+00	0.00e+00	0.00e+00	0.00e+00	9.04e-01	2.32e-02	2.13e-02
 1.83594e+17	9.51e-01	4.95e-02	9.66e-19	0.00e+00	0.00e+00	0.00e+00	0.00e+00	0.00e+00	0.00e+00	9.07e-01	2.29e-02	2.10e-02
 1.83613e+17	9.53e-01	4.75e-02	9.18e-19	0.00e+00	0.00e+00	0.00e+00	0.00e+00	0.00e+00	0.00e+00	9.09e-01	2.27e-02	2.08e-02
 1.83633e+17	9.54e-01	4.55e-02	8.73e-19	0.00e+00	0.00e+00	0.00e+00	0.00e+00	0.00e+00	0.00e+00	9.11e-01	2.24e-02	2.06e-02
 1.83652e+17	9.56e-01	4.37e-02	8.31e-19	0.00e+00	0.00e+00	0.00e+00	0.00e+00	0.00e+00	0.00e+00	9.14e-01	2.22e-02	2.03e-02
 1.83671e+17	9.58e-01	4.20e-02	7.93e-19	0.00e+00	0.00e+00	0.00e+00	0.00e+00	0.00e+00	0.00e+00	9.16e-01	2.20e-02	2.01e-02
 1.83688e+17	9.60e-01	4.04e-02	7.59e-19	0.00e+00	0.00e+00	0.00e+00	0.00e+00	0.00e+00	0.00e+00	9.18e-01	2.18e-02	1.99e-02
 1.83704e+17	9.61e-01	3.89e-02	7.28e-19	0.00e+00	0.00e+00	0.00e+00	0.00e+00	0.00e+00	0.00e+00	9.20e-01	2.16e-02	1.97e-02
 1.83720e+17	9.63e-01	3.75e-02	7.00e-19	0.00e+00	0.00e+00	0.00e+00	0.00e+00	0.00e+00	0.00e+00	9.22e-01	2.14e-02	1.95e-02
 1.83735e+17	9.64e-01	3.61e-02	6.73e-19	0.00e+00	0.00e+00	0.00e+00	0.00e+00	0.00e+00	0.00e+00	9.23e-01	2.12e-02	1.93e-02
 1.83750e+17	9.65e-01	3.49e-02	6.48e-19	0.00e+00	0.00e+00	0.00e+00	0.00e+00	0.00e+00	0.00e+00	9.25e-01	2.10e-02	1.91e-02
 1.83764e+17	9.66e-01	3.35e-02	6.24e-19	0.00e+00	0.00e+00	0.00e+00	0.00e+00	0.00e+00	0.00e+00	9.27e-01	2.08e-02	1.89e-02
 1.83779e+17	9.68e-01	3.23e-02	6.01e-19	0.00e+00	0.00e+00	0.00e+00	0.00e+00	0.00e+00	0.00e+00	9.28e-01	2.06e-02	1.87e-02
 1.83793e+17	9.69e-01	3.11e-02	5.79e-19	0.00e+00	0.00e+00	0.00e+00	0.00e+00	0.00e+00	0.00e+00	9.30e-01	2.04e-02	1.85e-02
 1.83806e+17	9.70e-01	3.00e-02	5.61e-19	0.00e+00	0.00e+00	0.00e+00	0.00e+00	0.00e+00	0.00e+00	9.31e-01	2.02e-02	1.84e-02
 1.83818e+17	9.71e-01	2.90e-02	5.44e-19	0.00e+00	0.00e+00	0.00e+00	0.00e+00	0.00e+00	0.00e+00	9.33e-01	2.01e-02	1.82e-02
 1.83829e+17	9.72e-01	2.81e-02	5.30e-19	0.00e+00	0.00e+00	0.00e+00	0.00e+00	0.00e+00	0.00e+00	9.34e-01	1.99e-02	1.80e-02
